59 41 15
9 54 223
49 11 348
47 48 113
54 34 417
22 30 361
23 58 360
9 8 99
6 24 453
28 53 105
55 38 225
22 21 188
45 42 89
9 6 399
37 47 84
4 46 152
54 10 347
0 23 284
36 43 312
52 13 468
11 15 203
19 31 21
25 33 34
47 50 239
47 32 318
52 28 259
27 17 243
37 12 22
18 35 135
42 3 173
52 0 325
1 25 448
42 44 3
11 9 500
37 36 349
14 45 490
56 1 146
1 40 493
36 41 133
53 20 475
16 49 494
28 27 446
25 16 24
18 37 71
49 52 363
46 56 186
6 2 37
36 57 44
18 19 90
23 26 337
6 29 476
56 22 377
19 55 301
5 4 453
3 18 424
35 39 335
53 51 461
22 14 74
53 7 399
13 1 21 20 25 5 24 53 28 30 19 54 35 44 55 57 10 33 8 31 41 6 4 12 42 49 45 43 26 51 58 0 46 9 22 47 27 32 3 11 16
4 39 57 51 24 24 27 41 45 41 7 44 5 33 22
64 17 9
34 43 97
18 51 379
55 31 3
59 41 214
51 5 20
42 21 288
44 20 342
49 34 311
26 39 321
18 14 117
47 0 439
26 32 47
40 9 457
36 19 216
32 61 310
23 35 349
54 7 165
8 59 398
55 25 348
14 8 412
56 46 470
28 33 190
8 40 341
10 58 409
27 38 283
42 52 483
11 22 164
34 3 469
7 28 428
44 27 363
32 1 49
51 2 249
18 54 470
22 45 253
27 18 277
2 12 2
56 4 362
61 47 287
7 29 33
21 17 141
7 11 51
51 49 84
32 30 106
25 15 450
56 13 262
21 23 332
21 53 3
61 44 412
6 42 297
8 36 87
49 50 325
40 37 62
39 62 275
40 60 74
59 48 126
34 56 279
14 16 459
44 10 331
36 57 48
55 63 197
27 6 238
49 55 169
38 24 85
62 35 4 51 14 46 24 45 5 13 16 12 25 63 33 53 10
0 19 39 32 34 57 12 43 54
42 30 22
24 9 76
29 4 184
34 15 125
40 16 7
8 34 291
16 13 321
1 21 43
26 30 282
17 33 160
4 23 276
12 35 393
11 26 462
1 3 347
7 41 348
36 19 139
8 29 199
34 1 497
32 14 353
41 36 413
32 20 202
15 39 302
35 7 52
25 31 25
12 24 123
36 27 29
26 38 192
9 10 379
11 6 406
41 32 261
9 2 291
19 8 14
8 17 27
4 37 25
13 22 226
26 28 48
27 11 47
33 5 268
36 40 419
9 0 78
34 25 337
11 18 132
31 5 6 36 0 10 34 28 8 38 40 16 9 25 2 11 33 19 24 18 12 20 23 15 27 7 39 3 4 17
16 21 28 41 18 13 31 22 41 29 24 40 39 17 40 22 8 28 24 35 24 33
14 8 8
0 13 467
11 5 470
1 6 467
8 9 464
8 4 208
2 3 182
2 0 224
5 7 67
6 10 281
12 2 163
7 12 422
0 1 79
0 8 413
3 8 6 12 7 1 10 11
1 8 2 10 7 3 0 2
81 24 43
60 68 318
37 20 276
22 52 246
76 77 157
74 10 56
42 72 16
52 55 412
31 65 343
58 32 165
44 43 164
29 42 178
5 45 407
79 60 20
22 74 445
59 46 72
70 28 400
63 71 397
59 69 156
51 23 133
22 34 263
12 21 417
51 1 48
27 37 218
16 18 64
75 62 462
65 3 123
41 19 221
71 4 16
30 17 313
56 58 261
3 79 421
53 63 144
46 75 116
79 36 319
53 16 363
15 35 135
5 15 127
24 56 173
53 22 23
76 14 172
30 25 158
12 9 150
29 51 14
57 48 297
74 73 102
59 80 477
74 26 461
72 66 85
60 57 471
15 33 306
5 8 264
75 39 185
15 7 155
30 24 184
29 27 404
65 59 307
51 5 141
56 70 76
34 54 401
48 67 107
37 12 499
72 41 45
62 61 146
48 29 397
71 76 170
45 6 240
45 78 187
57 50 436
8 49 337
70 64 6
38 2 276
38 30 103
70 0 346
23 44 311
27 40 146
52 11 209
41 47 238
57 38 27
44 13 406
61 53 434
7 69 75 74 53 44 52 31 10 1 32 33 71 58 57 39 50 61 77 28 25 66 76 64
62 13 48 18 63 18 29 38 72 28 79 60 31 40 28 47 74 35 3 1 24 26 15 29 15 34 10 48 51 71 49 31 51 42 60 52 9 69 16 69 10 66 4
31 18 10
29 11 294
24 10 115
27 4 309
17 14 234
27 0 286
27 1 265
6 19 235
9 2 393
3 22 474
5 15 242
28 24 143
14 6 268
29 23 223
30 25 6
16 27 194
7 9 1
2 5 323
28 30 312
8 17 64
16 18 437
8 16 169
16 28 453
7 8 228
9 21 216
30 12 41
9 20 439
18 26 290
29 3 181
22 13 42
7 29 274
26 29 21 19 20 10 5 24 3 0 13 23 9 6 12 22 27 18
25 10 21 6 9 23 19 27 25 29
23 8 9
2 4 207
4 13 231
11 10 15
13 3 293
2 5 395
13 15 282
22 16 199
4 22 206
9 8 286
6 21 371
4 1 400
5 6 203
2 7 411
22 20 286
7 9 193
11 2 286
6 12 124
13 17 59
19 14 332
11 0 256
9 19 470
19 18 469
13 2 14 3 18 12 10 5
4 3 16 12 5 12 19 3 12
51 36 49
13 46 164
24 36 127
1 48 138
5 50 340
49 5 240
25 8 387
8 2 211
29 20 124
6 28 167
33 14 457
7 23 382
23 10 224
46 1 441
16 4 158
33 19 43
24 39 83
24 3 69
38 13 255
23 26 187
5 15 21
1 17 468
49 45 297
6 21 355
36 49 456
34 42 57
47 27 229
2 43 113
5 9 241
8 12 319
45 0 182
49 30 252
1 7 50
13 11 236
6 33 413
30 41 167
12 16 117
43 31 470
35 25 240
12 40 16
13 35 17
2 18 98
22 29 278
25 32 402
45 34 339
29 38 99
3 47 449
43 37 229
35 24 28
45 44 423
47 6 266
27 20 46 22 39 48 5 28 9 41 49 6 40 14 2 29 42 30 44 8 15 25 24 43 31 19 36 38 1 16 4 21 50 45 23 26
7 25 47 49 10 47 44 38 14 12 39 49 47 12 39 35 27 11 25 20 6 21 6 23 27 21 29 45 50 21 20 46 44 23 48 8 44 35 21 34 21 28 49 31 36 9 41 18 49
2 1 2
0 1 193
0
1 2
49 6 26
39 0 395
4 7 232
9 5 476
33 17 184
33 35 86
20 40 305
20 3 101
5 41 10
39 19 436
5 45 400
36 31 123
13 21 192
30 43 318
1 28 160
10 18 14
41 38 199
4 20 237
45 26 380
29 47 458
12 14 192
28 46 338
42 48 143
38 11 398
13 4 98
10 6 52
26 39 192
25 23 94
38 42 463
12 37 195
47 27 221
38 33 460
25 2 387
36 13 167
45 1 53
43 9 435
9 36 478
33 8 348
4 32 61
27 30 473
41 24 204
12 15 418
26 10 198
1 12 494
1 44 189
9 25 225
25 16 179
37 22 483
39 34 433
21 18 12 41 31 16
45 28 9 12 12 33 39 34 47 38 6 27 46 32 22 22 20 32 28 0 8 15 31 10 3 30
76 3 22
2 59 482
7 11 297
8 55 189
70 6 432
50 69 23
51 64 419
29 45 436
2 17 481
50 48 21
56 29 305
55 15 236
48 22 315
55 3 136
16 25 328
39 56 498
46 4 143
8 38 65
65 44 486
49 72 260
39 67 108
2 57 211
28 61 271
53 20 188
48 33 273
27 54 285
74 13 44
32 65 129
26 10 137
28 16 456
50 14 223
39 40 444
1 12 440
24 51 445
40 2 130
67 30 344
55 32 460
49 19 172
53 36 255
11 1 170
5 35 270
71 63 494
64 9 423
72 50 66
37 28 197
53 42 79
72 70 168
7 71 113
3 27 84
26 18 172
14 46 80
6 8 341
26 47 460
46 7 340
14 74 424
27 66 384
34 62 29
69 60 466
69 37 85
28 34 385
68 21 33
43 75 411
68 41 283
15 68 391
9 26 186
68 0 29
46 31 170
37 73 251
64 49 374
65 52 346
69 58 461
11 53 25
22 23 304
67 43 393
33 5 498
60 39 445
3 10 42
6 2 17 16 17 11 45 29 50 44 49 73 37 64 59 71 5 74 23 54 35 7
46 28 41
7 1 254
37 45 8
5 31 79
20 37 457
34 35 318
2 34 389
18 26 487
7 18 206
3 27 162
3 16 200
3 21 47
9 28 460
11 42 239
14 39 298
30 20 405
11 29 188
37 13 410
11 23 292
7 40 177
45 3 431
36 33 358
20 44 255
5 24 147
22 41 411
35 15 176
35 4 202
9 25 397
36 11 300
35 8 458
14 43 481
6 10 270
2 36 285
0 9 189
30 2 46
12 38 235
5 32 24
18 19 139
30 22 435
37 7 184
34 14 140
6 30 158
34 5 264
0 12 100
45 17 364
22 0 77
15 25 26 2 27 34 37 18 14 4 0 5 28 19 33 44 20 42 36 38 16 29 12 9 45 8 43 3
27 33 9 3 29 43 7 8 20 41 28 40 37 20 33 34 40 6 18 11 22 26 34 15 26 30 29 43 11 18 7 30 0 9 6 13 45 12 22 33 24
28 13 18
22 13 0
15 12 239
7 3 351
22 16 83
19 7 48
7 0 106
27 1 64
15 25 267
14 19 212
12 10 382
15 23 204
11 6 271
27 20 149
16 18 157
9 2 261
2 8 103
13 21 193
2 5 436
19 26 472
3 9 155
18 17 102
3 15 104
19 22 103
18 11 182
13 4 245
17 24 331
3 27 259
0 22 1 10 27 6 19 18 14 4 12 7 2
4 0 12 26 8 21 21 26 24 0 4 1 12 25 18 15 2 4
33 6 27
25 30 237
14 19 206
2 26 153
21 29 74
5 6 433
16 15 88
6 9 303
17 5 286
5 23 134
29 2 374
5 13 218
24 4 264
11 22 415
21 17 61
17 25 360
2 31 285
12 21 370
24 10 83
29 11 22
29 8 40
25 14 430
15 32 417
13 0 491
21 16 417
8 20 53
15 18 78
15 27 139
6 7 229
25 24 292
30 1 257
2 28 2
6 3 494
3 24 23 12 19 8
30 3 27 25 31 10 19 19 18 25 27 21 18 3 31 16 2 33 21 8 32 25 30 14 12 2 12
99 74 8
87 66 51
77 29 290
81 57 266
46 26 416
90 63 471
20 82 27
43 60 466
23 32 396
79 72 266
6 88 31
16 74 125
7 13 366
64 9 112
48 18 56
19 16 223
46 93 360
37 21 423
80 19 339
32 41 428
20 89 24
32 92 293
7 25 196
69 83 277
80 7 473
3 70 485
98 59 158
47 53 177
39 75 332
16 54 440
6 49 32
40 68 77
35 23 75
14 4 362
74 24 104
58 50 64
45 95 119
3 11 305
59 3 211
58 84 479
66 40 139
74 28 282
94 0 142
90 96 206
32 42 120
35 38 296
98 34 89
15 98 154
2 56 152
19 43 413
15 55 410
47 69 188
66 14 160
77 17 168
5 64 38
45 85 191
64 52 283
27 31 350
61 20 131
40 1 75
39 67 290
14 73 231
10 61 32
2 15 15
23 81 421
10 6 382
81 33 464
47 2 135
45 39 243
56 62 297
87 5 178
97 86 252
76 35 499
61 90 399
64 71 0
79 78 126
58 10 109
15 97 293
85 8 223
69 80 165
39 91 418
74 51 87
44 36 179
25 37 28
53 76 285
16 94 33
54 44 373
53 22 225
5 77 490
61 79 230
19 87 223
5 46 304
83 48 121
49 30 354
53 58 87
83 65 475
25 27 482
49 12 159
50 45 18
29 44 54 73 65 68 38 75 49 39 6 81 19 86 40 62 50 28 56 37 46 84 14 41 78 35 11 67 94 82 80 27 51 96 8 5 48 1 21 64 53 20 42 18 31 79 71 10 87 55 59 16 58 7 92 3 70 13 88 97 17 32 34 45 36 52 83 66 30 91 43 93 12 61
35 68 55 89 60 64 30 60
45 26 5
12 35 452
30 1 427
37 31 458
20 33 371
13 36 387
4 2 459
36 18 427
10 11 277
22 20 146
36 15 291
30 28 254
11 12 405
13 39 90
5 4 45
11 6 256
43 27 29
30 34 276
41 32 44
11 17 261
43 41 459
42 0 346
21 7 228
12 14 5
41 38 477
10 43 270
8 24 231
27 25 70
4 26 418
4 21 164
19 42 69
20 19 135
37 29 122
34 10 453
6 9 266
20 23 444
31 30 239
42 44 456
31 22 36
43 8 326
8 3 58
26 40 81
28 5 41
22 16 272
13 37 315
31 18 32 7 10 30 20 34 25 22 36 14 0 33 4 6 23 43 35 28 11 27 42 21 29 44
17 20 44 2 30
64 33 22
56 2 424
16 41 327
28 31 290
52 9 405
37 19 396
39 20 485
49 38 393
60 17 297
21 30 83
38 16 83
10 47 164
11 48 443
14 1 482
10 33 235
61 34 432
11 21 308
48 22 61
31 23 361
29 5 277
10 4 86
57 49 318
48 14 259
42 29 210
26 54 360
39 46 104
37 51 460
22 59 72
24 37 442
9 32 452
42 26 42
36 10 27
31 55 156
56 39 40
11 56 244
61 62 358
38 60 212
9 7 78
27 45 445
14 13 122
38 58 118
43 53 403
60 12 105
15 3 151
51 28 334
27 57 260
21 63 62
16 8 399
21 15 195
45 11 464
14 40 284
16 0 475
9 43 205
36 61 366
26 18 222
26 50 135
30 35 455
22 44 299
51 42 365
27 52 373
61 25 368
57 36 353
24 27 438
7 6 370
15 60 22 19 36 47 39 49 35 27 30 8 40 31 51 56 16 7 42 37 2 41 38 14 46 32 29 54 62 53 55 18 48
41 25 20 17 46 11 26 23 58 58 24 41 18 64 27 13 26 44 36 51 25 28
78 24 38
36 23 208
36 63 492
18 3 8
45 15 233
48 70 364
67 74 459
62 31 353
39 60 185
66 51 10
5 76 338
39 72 408
39 22 131
8 66 180
28 67 320
69 55 471
74 40 133
44 1 435
19 44 69
60 17 269
46 11 309
32 27 346
31 42 83
22 25 104
44 35 420
10 52 133
58 50 373
22 37 35
1 71 18
5 65 284
69 39 74
30 49 89
74 77 493
19 68 329
52 18 174
5 73 414
60 24 396
7 41 140
10 26 448
0 58 488
52 8 445
73 6 235
42 75 311
30 7 18
64 21 215
3 13 142
20 46 481
70 9 84
46 33 105
12 32 452
15 0 404
10 62 82
19 48 315
56 69 132
62 30 371
20 2 28
9 43 241
56 28 383
67 36 210
22 29 128
11 5 485
0 38 185
64 53 455
48 10 334
74 16 322
72 4 1
46 19 286
60 47 385
12 20 236
64 34 268
70 59 242
36 54 3
27 14 1
7 61 22
58 12 314
12 57 331
48 56 113
30 64 407
63 27 32 69 36 22 66 3 72 10 5 77 1 57 58 54 2 18 20 56 38 62 44 39
11 20 1 15 73 11 37 23 39 4 36 30 45 15 6 51 12 23 23 45 15 62 36 20 27 3 27 78 74 26 34 44 64 76 63 15 34 14
29 17 15
4 21 273
0 19 332
27 25 182
3 4 316
27 26 215
15 28 295
4 20 235
14 16 71
23 3 459
11 9 143
15 7 335
6 24 420
13 12 373
1 13 30
16 11 162
9 10 421
3 6 322
14 18 274
11 15 84
4 17 86
15 2 471
16 1 406
14 23 5
9 8 393
27 22 209
3 0 3
23 27 180
0 5 204
18 21 16 10 8 12 25 3 17 26 5 13 20 2 27 6 9
9 27 12 18 6 1 1 0 19 15 11 25 27 4 21
51 6 4
22 24 481
9 32 402
28 13 185
45 34 380
20 27 41
8 14 277
14 49 400
6 39 32
33 21 228
27 28 193
47 25 186
48 15 127
27 36 270
37 22 33
40 30 252
31 4 333
37 46 67
42 45 374
5 6 434
6 44 70
1 23 462
29 12 485
34 41 99
48 2 425
43 47 261
9 50 471
41 38 374
29 7 15
14 37 391
23 48 418
8 42 238
28 43 94
23 29 196
47 11 228
5 19 393
29 18 376
13 0 296
43 3 173
40 17 327
40 35 453
23 31 156
33 8 277
1 16 410
49 5 129
48 26 242
34 40 377
33 20 40
43 9 384
42 1 51
31 10 431
45 14 15 10 49 35
10 47 41 49
99 13 26
7 1 500
20 78 297
72 11 434
49 63 488
43 24 66
31 91 357
38 47 116
38 43 168
25 62 9
0 98 178
60 69 30
0 25 29
43 88 282
65 35 156
91 85 448
62 76 317
26 50 26
4 60 107
27 51 316
65 44 63
59 82 453
94 57 50
76 77 467
78 7 430
39 97 289
31 65 122
40 38 18
49 81 140
30 27 292
13 61 288
39 79 96
25 67 116
13 9 305
9 42 356
21 90 462
4 49 174
28 48 328
27 20 124
55 2 438
76 52 365
13 59 70
48 34 383
72 37 437
56 71 143
59 40 266
54 89 500
0 46 77
73 54 138
28 94 467
85 8 438
51 4 354
31 87 22
27 31 109
16 30 323
39 74 320
54 21 261
66 80 490
48 22 309
67 86 188
50 28 391
45 70 221
7 5 438
29 56 25
59 16 81
50 45 194
68 13 13
71 0 399
47 73 465
88 75 135
20 66 35
95 19 426
40 6 104
23 68 423
25 83 218
34 12 317
21 3 330
83 14 372
4 39 32
45 84 496
36 41 404
38 32 477
90 10 220
7 15 287
14 53 161
9 29 148
66 55 373
14 17 95
64 36 208
26 18 22
95 92 218
85 58 293
75 93 333
35 33 335
87 72 429
46 64 497
84 95 461
34 96 262
40 26 75
96 28 35 43 40 24 52 39 57 29 3 51 49
71 76 71 73 18 79 77 60 45 46 74 55 26 14 80 6 42 91 45 95 75 1 12 38 41 73
91 74 45
89 83 135
0 20 287
55 47 46
0 49 205
70 1 477
18 59 131
21 0 388
89 60 452
6 77 236
11 24 189
83 79 318
39 86 27
59 45 187
4 63 87
78 43 151
15 71 222
33 52 286
24 31 79
32 7 210
42 10 76
63 26 298
27 2 414
59 75 418
39 23 245
19 37 310
35 76 404
51 58 444
32 5 424
42 72 383
17 90 360
44 68 66
64 65 256
27 78 88
17 34 318
24 21 66
18 14 394
39 66 362
56 27 396
29 17 285
1 40 268
52 53 141
45 87 293
57 9 456
23 61 258
16 12 374
1 33 241
19 81 452
59 29 25
28 18 19
6 67 460
52 13 383
67 54 449
6 84 368
29 42 157
78 16 42
12 44 481
22 69 108
22 15 157
89 46 244
21 25 251
25 88 232
14 51 416
83 56 330
33 6 261
57 32 396
44 19 115
65 38 105
35 85 424
70 64 118
17 48 375
68 11 470
82 28 169
14 39 314
3 82 10
20 73 448
40 22 135
12 4 485
14 55 491
27 36 38
67 30 56
69 80 207
70 50 429
42 41 56
12 3 217
73 62 334
33 57 231
22 35 72
11 70 406
57 74 253
38 8 217
83 46 36 69 63 64 9 47 17 79 2 82 43 42 24 60 11 65 41 77 50 76 67 14 54 5 56 80 37 70 38 27 3 22 53 74 23 59 75 73 18 51 45 84 15 89 21 57 10 20 31 12 28 71 6 39 81 87 35 62 49 34 61 0 1 86 8 72 58 13 48 40 26 68
35 7 0 73 20 38 81 60 26 33 81 69 64 8 88 42 66 30 88 41 24 50 53 2 88 11 68 8 32 39 83 13 85 81 69 79 89 37 34 60 13 26 17 53 47
50 29 14
4 18 336
32 43 127
24 49 247
22 21 170
26 14 16
48 32 281
7 15 411
49 45 244
44 0 464
46 8 332
2 35 109
43 5 131
22 4 490
27 17 470
27 26 288
2 27 127
23 9 384
38 25 266
21 16 457
13 36 390
43 39 161
23 20 208
48 28 396
13 42 40
40 23 251
21 29 50
22 30 45
6 22 7
38 7 404
46 34 473
37 10 429
20 33 54
27 48 24
48 38 178
44 2 461
24 47 362
4 3 421
49 19 458
37 11 429
7 1 6
8 12 149
49 13 332
8 24 75
2 46 202
46 6 26
10 40 73
30 31 268
24 41 470
23 44 273
45 14 34 4 31 8 3 10 22 27 28 9 29 7 38 26 17 33 46 24 25 40 49 42 41 21 15 2 11
45 0 14 21 37 40 12 7 35 5 26 23 26 27
82 7 16
59 15 212
45 62 254
77 44 449
2 12 288
1 16 488
6 69 197
49 81 27
27 24 296
32 0 394
4 55 304
70 63 338
43 52 9
44 3 26
78 70 101
59 79 30
38 45 390
2 28 487
17 56 369
1 2 350
51 42 201
62 50 407
25 64 179
14 38 247
54 21 29
7 20 130
61 67 108
61 26 466
32 39 4
21 53 23
61 23 253
70 68 301
16 22 353
46 10 366
34 19 53
14 8 278
45 65 45
47 25 421
73 60 358
7 36 280
76 40 343
60 51 446
8 6 168
55 80 78
16 72 134
24 66 488
69 9 42
27 29 472
49 11 215
52 17 15
44 13 273
30 14 449
14 71 420
51 35 174
40 30 116
62 47 372
60 32 18
69 73 288
38 75 278
45 46 424
47 34 496
16 48 329
46 4 363
34 18 384
73 41 445
75 74 140
37 43 118
74 77 181
54 61 371
62 1 339
54 59 58
43 76 343
69 5 130
49 31 270
8 27 407
73 49 57
24 78 64
76 57 365
74 54 53
2 58 189
41 33 64
60 7 451
75 61 14 17 78 10 28
73 42 33 8 14 1 58 59 10 3 30 1 5 37 66 3
20 3 11
3 6 98
9 3 480
12 7 98
9 4 71
17 14 185
6 5 191
16 13 219
8 0 309
17 18 478
3 16 251
6 2 347
18 12 486
9 8 104
7 9 261
0 15 41
16 11 392
19 10 186
4 19 276
4 1 50
12 13 16
2 11 14 17 12 15 5 11 10 18 2
29 17 23
28 4 204
11 26 473
27 5 40
19 2 42
17 27 380
16 0 213
4 24 246
11 22 458
4 12 432
7 18 54
9 10 325
9 6 83
4 20 110
22 16 458
16 7 8
3 21 86
5 25 253
7 15 372
26 3 235
3 9 67
22 28 337
14 1 62
25 11 411
1 13 442
16 19 103
26 14 449
11 8 158
9 23 17
7 2 23 18 14 13 28 25 20 16 26 6 12 4 17 22 27
29 14 25 19 11 21 21 22 24 27 26 6 29 26 19 20 28 28 19 2 6 20 12
98 28 35
82 28 240
97 13 33
71 83 125
27 56 325
5 9 95
51 78 466
1 2 139
45 11 268
23 30 187
95 62 475
9 89 33
58 4 281
10 51 11
81 43 118
41 34 494
92 25 493
87 31 382
6 60 475
32 18 74
82 55 175
48 32 1
81 77 299
49 33 210
95 7 38
45 12 59
24 38 238
3 24 404
6 64 209
58 82 281
88 94 162
24 97 18
3 42 217
63 39 22
76 84 194
95 59 334
33 74 8
17 49 373
74 36 79
36 19 467
45 93 449
41 14 149
10 81 75
54 27 93
41 35 159
47 79 38
81 67 208
88 40 177
27 41 461
25 52 24
5 10 11
23 86 35
47 85 98
66 72 338
48 5 54
56 90 56
75 21 182
2 75 327
8 53 109
21 45 286
88 44 164
66 22 402
97 15 121
80 96 39
25 95 367
25 47 89
92 26 62
75 46 127
54 69 378
46 8 393
50 87 147
27 71 458
32 92 176
48 3 382
54 80 24
72 54 94
58 61 246
21 16 77
47 68 429
63 29 219
82 65 137
9 88 238
28 23 329
51 20 377
1 58 122
97 73 216
33 1 323
57 37 161
29 6 256
1 76 70
74 48 409
33 66 260
52 70 197
55 57 357
51 91 336
3 50 381
72 63 46
71 0 144
12 2 28 27 46 4 13 44 73 15 36 85 19 77 70 64 52 45 11 53 88 29 50 65 35 89 75 86
3 64 33 24 86 51 2 49 42 65 32 94 85 11 97 7 52 78 26 46 97 40 44 85 70 59 22 98 29 60 83 11 6 90 81
70 55 27
0 15 224
67 34 175
13 16 242
15 9 133
17 20 190
43 30 140
34 59 346
0 45 354
39 60 187
46 65 468
16 0 338
42 63 374
34 40 42
52 61 210
4 32 463
16 2 490
29 19 238
18 31 332
60 67 359
52 64 37
39 24 225
52 58 395
22 46 33
67 37 295
16 68 187
23 21 169
56 44 352
18 38 157
37 1 50
48 47 344
37 26 456
38 48 464
37 3 83
0 35 306
24 33 9
25 22 482
36 12 320
13 62 55
12 6 204
36 52 135
12 42 232
66 43 356
21 66 292
14 13 344
58 28 443
17 11 344
22 17 433
43 54 123
7 57 280
53 41 321
42 10 463
27 51 463
14 39 200
4 69 88
27 7 483
58 55 401
68 27 113
60 29 226
29 4 126
5 23 390
18 36 458
62 25 256
46 49 289
60 8 77
67 53 76
66 14 1
46 50 231
39 18 66
38 56 180
49 61 57 35 9 23 56 50 14 13 26 8 44 36 11 53 66 21 1 52 30 32 62 46 42 17 2 27 59 10 39 68 47 22 0 16 40 19 45 41 34 25 67 37 12 38 58 15 63 29 51 5 54 33 3
20 43 8 40 28 49 23 68 36 7 21 67 42 42 42 16 0 41 3 5 61 35 52 59 14 25 32
18 6 16
8 14 7
3 2 379
11 7 277
17 8 95
6 11 138
8 15 374
12 16 122
17 6 489
12 17 401
17 0 392
12 10 162
6 3 318
4 12 74
5 9 410
8 13 489
0 1 478
6 5 140
4 9 10 11 6 7
8 17 18 11 14 17 1 15 18 1 15 18 13 15 7 10
23 9 22
19 7 492
15 11 407
22 10 70
16 5 142
2 16 204
5 13 257
22 14 110
10 19 0
3 8 146
12 15 390
17 6 181
15 1 446
17 21 270
16 22 70
18 2 408
15 17 284
4 12 282
6 20 218
20 18 475
10 9 438
12 3 271
10 0 223
22 17 9 16 1 4 7 18 6
16 6 13 22 16 4 0 14 15 10 0 5 6 17 13 8 19 2 10 18 15 9
88 47 37
74 16 122
17 27 406
54 14 209
28 76 422
29 40 185
30 36 333
21 51 403
17 8 243
1 17 425
78 21 195
7 28 133
37 70 253
40 65 435
14 42 32
76 84 289
57 5 220
14 62 177
9 78 180
84 72 286
40 83 122
57 61 194
37 15 135
68 86 156
7 19 350
43 53 407
70 57 394
47 0 310
44 71 439
9 69 298
64 56 347
64 55 269
68 58 384
78 44 196
77 81 241
4 74 104
32 2 124
63 4 274
76 11 46
70 32 296
57 48 10
21 23 409
20 7 189
55 6 165
38 18 356
51 82 383
31 67 361
35 66 35
47 87 126
51 49 321
11 41 345
29 33 250
67 38 393
70 10 176
44 39 221
56 73 140
31 54 225
72 47 484
46 12 66
10 34 238
45 3 484
7 77 461
74 60 222
28 9 298
1 46 464
45 25 182
72 22 257
21 75 396
10 50 24
67 43 150
69 68 151
40 64 447
14 13 120
19 24 343
9 37 266
29 31 72
31 1 308
46 79 100
72 85 177
52 20 455
11 45 399
16 52 422
78 26 77
55 59 353
1 30 438
77 29 391
41 35 92
56 80 498
33 1 49 7 64 71 65 41 85 52 28 5 18 59 66 67 3 24 0 70 53 87 2 40 78 76 30 27 55 26 60 81 12 39 75 35 82 42 36 37 16 48 14 61 45 11 84
74 67 21 80 32 3 73 28 13 61 51 84 7 53 70 2 50 73 80 13 42 0 24 58 40 24 70 37 23 26 35 34 39 14 19 74 66
76 37 22
13 55 234
44 24 472
61 68 223
49 71 177
67 38 257
60 74 84
22 31 358
49 56 54
14 42 302
26 58 286
53 46 348
33 11 195
51 39 154
70 2 285
66 25 270
18 61 115
36 53 206
34 17 469
68 9 70
65 12 260
5 34 2
9 54 364
24 33 286
5 27 116
19 18 83
42 22 175
36 45 49
50 37 487
28 13 214
59 6 233
72 67 446
16 75 273
13 60 396
11 21 288
59 3 235
50 47 29
55 52 118
53 29 16
45 1 131
70 44 165
15 70 388
16 20 459
36 43 370
48 51 317
44 48 463
55 72 437
22 65 33
70 66 248
5 30 238
24 8 16
14 40 426
54 14 110
40 62 185
15 23 5
67 49 191
25 73 230
24 5 453
11 7 11
17 57 278
11 0 407
58 15 428
4 69 353
14 26 137
17 32 320
48 36 250
66 4 180
20 50 94
15 28 401
16 10 343
50 35 1
54 64 249
3 63 367
9 41 97
9 59 321
4 16 160
40 70 13 57 41 52 46 4 30 69 10 33 75 35 54 3 5 17 64 50 2 59 67 18 44 8 7 53 48 43 37 73 71 16 58 60 68
23 35 54 54 2 43 62 73 67 45 67 8 62 49 38 76 53 50 14 38 30 66
46 5 12
3 5 309
42 40 148
19 39 19
1 35 499
28 23 7
11 22 212
19 13 456
18 29 387
3 9 410
24 42 301
9 11 45
22 20 176
24 7 262
7 36 270
20 17 89
1 19 259
27 21 272
15 6 355
41 8 67
7 37 19
38 26 454
24 15 404
28 27 195
25 45 167
9 16 390
42 14 282
17 38 421
18 10 474
15 43 9
3 0 267
18 12 45
20 2 174
19 24 58
27 33 385
28 32 251
17 31 206
1 18 469
2 25 259
29 28 72
15 34 174
38 44 7
38 30 449
11 1 481
17 41 229
7 4 381
29 26 33 11 22
12 28 43 9 0 21 45 46 31 0 24 5
92 79 13
34 74 410
62 44 348
13 31 62
67 48 82
9 63 219
60 24 333
47 70 267
39 36 287
35 57 385
48 15 450
64 2 282
24 34 235
67 37 382
64 72 317
56 27 340
45 20 20
66 59 98
60 84 108
61 38 162
61 33 247
38 89 349
33 30 384
28 47 168
9 3 404
65 21 109
29 12 469
6 32 430
78 23 482
71 68 188
10 46 73
85 51 201
33 50 258
13 88 309
65 17 447
39 53 442
88 67 128
67 81 494
84 29 354
37 86 479
37 49 263
19 40 324
66 14 255
38 76 357
74 45 100
31 42 498
84 85 23
37 43 33
60 13 304
52 61 247
47 91 46
0 11 193
34 4 14
48 41 289
79 6 138
65 87 292
64 22 415
85 28 2
45 58 77
81 75 462
31 35 3
71 66 28
66 83 137
79 39 468
29 52 379
6 55 446
52 65 250
80 16 327
7 79 324
56 69 201
45 77 277
46 80 241
88 25 278
19 26 407
56 18 312
6 1 429
10 62 312
84 10 392
42 0 276
24 7 131
47 90 62
68 82 404
52 64 262
34 71 320
80 8 218
28 19 470
88 78 144
23 5 486
19 54 447
44 73 312
79 56 5
28 9 310
72 15 77 73 90 76 21 62 47 58 24 28 26 67 36 88 0 23 13 29 6 75 10 82 7 35 66 59 39 40 2 71 11 87 89 70 14 20 54 30 5 32 57 16 86 49 85 81 37 53 79 12 52 55 34 25 83 60 84 33 22 69 50 91 63 44 41 9 31 18 46 19 38 45 1 27 3 48 61
26 54 17 18 79 4 73 14 69 80 68 11 80
49 26 31
11 42 426
19 10 118
1 13 100
30 2 203
33 46 407
29 14 266
34 4 56
11 29 270
2 21 284
38 48 140
33 9 399
19 26 12
42 34 220
25 35 16
35 23 149
22 30 88
14 41 227
29 25 407
36 19 127
6 47 248
4 15 403
11 22 202
6 27 131
4 20 366
46 32 213
12 43 58
1 6 16
29 33 478
41 44 139
1 11 98
13 40 387
41 3 163
4 18 351
34 45 1
22 5 374
25 38 206
46 16 384
41 31 196
35 8 211
30 37 434
19 39 397
17 1 313
12 28 316
13 36 485
6 24 230
46 0 460
22 12 327
30 7 202
17 0 43 18 16 26 24 1 20 27 2 13 30 48 32 44 11 15 7 25 19 3 39 29 23 37
49 1 7 30 48 10 19 7 16 36 7 35 43 4 23 34 0 2 18 38 3 14 9 15 9 9 28 42 17 25 5
31 19 12
21 14 166
22 4 270
6 8 161
11 16 134
9 5 239
28 9 469
13 11 341
27 3 490
22 23 382
12 6 352
1 12 461
27 22 111
11 0 440
6 27 295
9 18 394
6 13 294
11 26 463
21 2 299
24 25 187
8 28 129
27 15 197
3 20 230
3 30 225
7 29 130
10 7 43
22 17 159
28 21 222
28 19 174
8 24 70
7 1 75
7 15 18 20 23 3 10 5 26 24 16 1 6 12 29 9 11 17 13
8 30 18 7 9 26 2 7 14 14 28 9
79 43 37
2 75 441
18 66 71
49 32 265
15 14 213
8 37 85
43 29 154
19 41 283
21 57 25
63 49 66
4 54 244
11 26 210
77 55 182
4 39 22
37 4 269
27 24 262
55 69 248
71 11 107
37 74 406
56 65 460
50 31 319
25 17 233
43 23 200
8 46 252
55 35 363
45 59 290
74 44 309
45 3 172
70 25 259
52 38 167
15 48 275
30 22 256
74 0 348
30 71 102
45 70 132
6 63 107
55 68 186
19 60 221
59 19 25
77 15 0
66 50 472
25 9 66
2 43 328
53 67 35
64 72 373
22 56 290
52 10 211
78 45 468
21 8 99
18 7 63
25 40 159
30 77 356
50 2 150
64 36 89
3 52 288
22 76 242
56 61 276
59 64 372
4 78 266
13 21 491
22 33 240
49 5 74
33 20 111
18 27 327
74 18 237
50 73 225
19 51 104
37 42 232
11 12 389
66 16 4
16 58 169
27 6 32
2 53 31
77 34 351
70 47 247
27 30 303
33 62 45
63 1 188
58 28 457
11 62 34 36 54 49 75 33 13 77 27 35 25 6 66 60 20 51 64 42 56 39 50 18 43 68 74 44 15 16 31 12 48 37 3 52 38 23 47 71 29 59 26
45 45 48 30 72 44 47 63 18 43 76 25 10 62 68 4 59 21 0 4 73 39 68 16 53 57 66 55 10 65 3 35 22 40 0 10 70
4 3 3
2 1 290
1 0 198
1 3 140
2 3 1
0 3 3
78 37 25
10 68 48
15 8 41
3 55 142
64 39 65
12 76 408
22 6 276
3 48 110
41 31 323
53 70 141
64 62 128
2 67 167
1 4 43
8 54 129
71 30 245
57 64 317
23 29 275
13 52 485
51 71 273
2 19 93
14 69 36
22 18 495
46 23 388
9 22 155
67 51 131
77 1 364
60 63 11
8 77 432
57 53 22
9 3 0
71 25 396
28 15 269
29 33 171
51 72 403
17 13 82
9 10 410
45 12 468
1 27 357
26 44 325
4 58 492
73 74 261
19 16 48
4 75 416
10 5 88
46 24 169
60 36 361
12 2 217
63 35 214
29 38 128
59 41 411
63 56 372
12 34 359
17 42 456
30 40 358
47 73 476
47 20 424
36 61 266
51 9 36
45 28 400
8 59 49
13 7 491
19 46 183
15 26 476
10 21 281
22 11 70
41 14 399
46 47 439
20 50 352
64 37 63
49 32 309
32 66 282
26 49 168
67 60 12
54 57 416
19 43 170
14 65 309
56 0 376
44 17 249
68 43 73 28 74 22 23 51 55 50 54 63 75 72 8 14 60 65 40 20 1 47 59 10 6 69 41 16 4 71 32 53 15 44 7 34 39
18 21 24 16 72 54 67 24 13 18 0 63 20 66 33 37 16 58 49 39 66 27 27 31 64
48 5 16
29 17 221
39 3 324
32 34 492
44 14 309
46 1 202
43 35 443
33 12 232
29 5 309
35 46 422
5 23 158
2 40 172
29 43 116
19 30 93
2 27 440
41 19 357
14 16 203
17 22 500
37 18 128
43 4 382
41 42 457
19 10 411
3 8 1
4 28 92
3 26 308
17 37 318
2 11 113
26 21 98
23 44 234
23 0 245
36 39 395
45 31 196
23 33 420
44 2 375
12 6 290
26 20 145
5 7 195
35 47 290
47 9 412
14 38 119
32 13 197
36 29 30
8 41 294
14 15 75
47 25 92
22 45 343
0 32 268
43 24 231
2 34 11 16 27
32 16 2 37 40 2 46 34 18 18 48 9 14 12 48 23
51 15 24
18 11 98
1 30 136
24 6 206
50 40 447
24 8 467
50 9 373
6 19 362
2 32 498
22 29 143
18 20 122
44 38 55
12 10 17
25 23 317
9 39 14
12 3 409
17 44 490
46 35 397
32 17 45
50 15 53
38 48 262
43 45 456
25 36 43
8 21 362
8 5 246
31 37 217
6 27 366
33 2 335
38 43 340
48 41 446
1 7 87
0 25 480
18 28 343
47 33 208
6 14 142
9 26 344
24 12 99
11 22 351
29 46 222
47 34 292
22 50 468
1 49 316
31 13 357
25 1 413
31 4 460
44 24 139
2 18 381
8 16 351
44 0 357
38 31 144
12 42 76
41 25 16 36 38 44 3 18 22 28 31 2 20 0 40
11 23 38 27 1 34 45 23 38 36 30 29 23 11 24 35 51 3 15 36 25 22 48 37
39 24 21
28 0 175
28 34 55
4 18 49
0 3 284
13 32 437
9 28 470
16 5 412
38 19 51
15 29 447
29 33 108
38 13 246
14 16 390
12 9 105
14 37 75
32 21 483
37 22 490
7 14 126
28 38 479
10 30 95
32 6 370
24 23 262
4 27 252
29 26 98
37 1 318
14 10 192
11 35 164
15 11 491
29 36 379
34 7 183
10 17 106
13 24 86
15 2 408
19 15 296
32 20 78
0 25 432
13 4 128
37 8 280
16 31 226
38 22 30 20 24 19 7 13 0 2 15 12 5 17 16 28 26 37 32 6 25 23 9 34
30 12 26 11 30 0 10 31 12 12 18 14 24 5 7 0 28 12 5 10 11
69 30 47
50 53 402
4 38 269
41 17 322
59 67 101
49 44 95
6 45 1
5 57 386
21 29 271
19 41 445
4 7 281
6 59 70
8 16 161
1 62 499
20 49 459
0 52 389
59 10 120
50 46 161
31 6 13
12 34 364
64 55 24
12 63 292
61 3 24
4 32 121
55 58 80
45 9 347
64 25 292
1 18 19
50 27 236
31 40 100
19 33 231
51 36 421
66 13 470
66 60 40
19 31 22
52 56 277
45 35 292
8 68 229
55 21 185
56 47 208
36 0 121
0 30 239
45 22 138
25 1 435
36 2 421
52 8 445
64 20 212
37 14 262
40 66 46
36 19 229
5 54 152
55 4 230
0 15 137
40 5 73
2 26 108
30 65 304
12 43 283
56 23 91
5 39 283
17 48 191
14 51 114
41 50 259
59 28 459
8 11 6
20 61 260
56 24 355
15 12 293
2 64 296
61 42 247
12 59 9 49 1 68 13 22 23 33 63 11 47 48 32 2 17 38 8 65 16 19 15 3 36 51 45 61 56 39
6 1 62 58 24 15 50 57 34 1 15 56 56 57 41 17 43 52 9 25 44 24 0 64 27 35 67 39 59 10 38 58 20 62 10 28 39 25 52 7 57 7 22 9 64 40 47
11 7 6
4 1 47
7 0 50
8 6 239
1 7 302
4 5 386
7 2 249
5 9 223
4 8 433
5 3 395
5 10 287
9 4 1 2 10 6 3
3 5 3 4 2 9
75 38 45
23 1 164
3 8 328
59 44 102
8 25 489
49 5 486
1 59 349
22 51 79
72 14 390
25 47 256
2 43 190
39 27 167
55 38 183
21 55 358
23 33 394
50 57 378
41 26 132
49 11 121
32 19 140
42 2 80
6 21 214
46 39 470
42 35 86
69 48 72
29 0 86
1 30 5
37 62 70
41 16 145
30 72 376
35 52 43
39 66 464
51 56 253
21 69 359
67 31 268
37 36 343
22 23 322
13 65 412
44 9 340
3 67 72
72 20 57
29 74 453
13 64 249
8 6 184
32 18 476
72 61 404
71 34 271
29 70 294
37 17 63
30 12 366
11 32 345
50 41 91
55 45 471
69 40 495
21 60 162
35 68 354
5 71 309
69 54 54
7 28 466
49 73 429
3 50 208
35 58 289
71 63 428
30 37 495
73 7 349
31 42 262
5 13 75
57 15 403
1 46 462
60 10 284
26 24 335
71 4 372
39 53 235
23 49 84
46 29 286
22 3 407
52 47 28 30 41 19 16 21 23 57 1 36 67 35 73 37 25 2 51 31 11 4 71 34 0 14 20 48 10 38 9 44 74 53 61 50 42 45
5 58 21 54 58 75 42 67 21 7 23 35 40 8 38 44 74 63 52 40 0 68 57 35 31 47 63 46 68 6 74 0 27 23 18 22 3 64 44 49 24 4 74 16 17
86 24 29
31 23 444
61 9 187
26 25 304
30 71 223
41 15 406
54 26 302
14 7 213
40 5 267
23 6 120
19 73 39
29 16 96
32 53 238
38 47 457
17 62 464
45 20 16
31 17 10
69 82 296
71 68 254
5 39 263
38 66 436
45 79 394
4 51 359
40 21 387
52 30 192
44 11 288
75 10 409
37 80 497
48 2 51
40 41 330
1 84 214
69 85 445
49 78 29
74 27 169
76 0 196
82 45 129
54 24 316
30 60 165
63 14 254
82 33 390
71 64 370
74 46 108
81 18 357
64 50 2
85 81 399
71 57 309
57 70 216
68 63 237
60 58 40
70 48 179
1 52 313
21 22 198
76 69 467
84 75 142
52 44 175
49 43 299
74 12 125
70 29 470
13 37 397
37 65 275
37 59 417
14 3 430
17 83 94
19 55 119
4 35 160
47 36 245
60 13 142
3 74 85
59 38 310
29 54 422
44 42 308
58 19 465
7 34 164
33 28 370
38 72 32
69 40 307
60 76 207
54 49 79
67 61 53
7 4 286
17 8 389
64 32 349
67 1 291
4 56 163
19 31 25
82 77 499
19 39 68 44 32 24 50 2 33 7 79 0 48 70 73 15 35 60 56 83 4 81 13 71
86 34 86 20 36 27 48 41 25 15 72 46 6 8 78 50 19 86 60 60 2 3 18 64 72 55 8 66 13
52 48 42
6 19 398
50 36 149
19 17 419
19 44 209
33 0 328
34 16 488
39 22 70
15 30 116
22 49 164
27 46 487
10 43 82
12 14 202
5 11 223
12 1 179
26 48 190
11 34 87
6 51 71
32 21 269
25 23 116
2 32 107
11 26 32
49 7 240
36 13 126
33 42 333
51 18 496
19 29 314
2 25 421
32 40 13
50 39 121
39 6 203
15 38 360
22 3 237
40 35 31
3 41 438
10 31 411
12 15 370
6 27 435
10 37 156
3 20 357
13 4 111
15 28 128
45 47 477
21 12 3
22 33 20
50 5 424
14 9 81
2 50 384
39 45 6
27 8 216
45 10 88
49 24 119
49 17 44 0 26 50 8 4 16 40 1 12 21 5 27 6 41 23 19 15 36 31 47 45 43 46 7 20 30 18 13 28 32 37 35 11 42 33 14 51 29 34 22 38 10 25 2 39
4 52 34 4 31 36 14 30 6 52 45 45 3 45 24 26 7 50 0 26 20 20 39 4 20 9 49 51 2 39 0 4 17 23 7 22 41 20 39 27 47 9
79 44 36
48 69 370
32 18 493
46 49 119
7 64 81
19 22 220
20 2 126
4 61 54
24 5 439
29 27 425
38 37 354
54 56 494
11 0 351
26 71 206
29 30 46
50 34 32
62 78 317
52 36 299
5 21 449
8 47 95
47 13 485
65 20 17
54 38 270
38 25 451
10 66 195
5 57 155
57 68 299
50 59 61
30 52 34
72 65 64
19 50 45
43 72 271
23 16 179
57 8 403
35 58 216
76 55 455
27 63 418
5 46 209
49 15 136
31 29 298
27 48 471
66 42 457
19 39 461
66 1 302
76 73 273
46 41 433
57 28 428
62 17 500
0 76 256
38 51 471
49 11 177
52 60 194
26 10 235
11 77 334
16 44 482
31 35 11
77 19 133
47 23 491
66 3 487
23 75 277
63 67 131
6 62 248
75 74 278
10 7 140
31 26 443
62 12 223
32 33 450
39 70 454
75 45 441
9 24 224
28 53 64
77 32 107
28 31 45
30 4 72
30 14 107
77 54 41
29 6 382
8 43 493
44 40 480
75 8 46 5 28 50 15 7 13 34 66 43 47 1 65 76 73 30 52 26 21 42 33 71 2 48 10 32 64 23 0 51 67 69 29 11 74 17 37 12 27 19 25 68
73 16 18 61 20 56 11 66 41 76 78 36 15 14 21 38 31 35 23 12 55 73 68 51 21 26 73 59 74 3 1 79 27 25 10 23
99 33 16
35 44 455
60 43 156
62 74 187
29 2 290
41 67 96
30 80 206
19 41 404
28 4 476
26 50 224
81 13 140
50 7 84
50 9 361
35 92 123
16 39 447
22 5 430
92 45 54
86 91 329
95 26 218
22 42 145
53 18 121
16 89 72
2 0 203
33 69 359
11 81 133
84 68 137
51 46 149
85 23 465
61 34 373
31 27 50
5 21 440
42 38 383
40 54 227
18 49 21
87 19 400
44 84 10
95 82 102
58 48 104
30 72 271
63 30 363
55 53 446
38 29 254
87 25 97
70 63 195
85 75 196
91 66 223
29 33 495
61 88 163
18 6 319
97 52 188
30 20 297
61 98 199
5 62 146
33 93 392
97 65 411
93 37 365
40 57 96
92 56 90
63 60 312
17 3 147
12 31 303
3 8 423
17 28 477
92 15 342
87 95 80
26 77 231
66 96 7
7 24 120
33 12 114
21 16 220
17 97 68
85 10 80
63 40 354
39 78 363
83 36 142
78 51 322
51 1 363
93 83 210
93 64 203
84 59 112
42 94 268
40 47 302
32 79 36
62 55 481
73 85 359
55 90 219
2 61 476
18 32 68
90 73 48
16 70 462
24 35 7
32 14 413
25 22 496
29 17 395
11 86 340
81 76 499
58 71 11
9 11 166
11 58 103
25 72 69 14 40 80 64 85 27 5 63 19 93 45 83 84 98 90 88 24 48 77 86 39 96 60 15 29 23 34 94 30 1
85 87 0 52 24 73 41 38 33 55 7 64 64 2 34 13
53 1 10
28 29 214
50 17 476
44 12 270
26 42 139
36 39 392
50 7 29
2 51 345
21 14 267
40 1 466
28 48 376
12 36 486
0 21 422
36 18 447
6 43 483
36 15 192
0 40 433
1 37 411
46 26 57
13 0 121
40 16 317
24 11 227
16 33 288
6 3 225
38 6 168
10 35 358
50 41 175
14 5 232
12 38 484
26 13 371
2 52 423
0 25 377
24 47 21
1 30 224
44 19 339
42 34 29
12 24 104
16 22 41
45 23 66
21 20 417
45 49 175
21 28 41
40 50 157
26 27 169
14 32 76
42 8 99
10 2 243
16 4 121
1 31 243
42 44 427
9 10 218
19 45 197
13 9 23
39
46 2 28 2 0 18 23 28 16 47
68 33 33
13 24 382
3 55 354
9 34 292
54 61 74
55 47 495
16 35 228
41 38 336
62 39 185
54 62 56
32 10 323
30 2 422
30 52 439
11 43 381
1 67 466
19 30 141
66 20 185
58 17 138
18 29 468
61 46 172
10 11 82
61 65 397
13 60 202
38 7 139
47 18 134
15 45 465
10 63 465
36 12 487
23 57 292
41 28 51
26 9 445
0 36 148
47 23 5
9 33 26
33 66 82
11 27 437
26 3 35
32 19 84
63 44 337
53 26 156
15 32 224
62 49 472
6 1 264
16 50 51
1 16 369
19 22 104
15 6 447
22 42 289
0 13 410
55 59 429
23 37 24
54 51 213
36 48 423
32 25 383
0 40 62
37 8 46
13 4 255
55 58 98
14 15 394
26 56 195
63 64 431
51 31 239
37 14 457
11 5 192
6 54 282
37 41 141
63 21 425
7 0 264
7 59 58 42 31 27 29 48 66 25 38 10 0 5 45 9 17 4 54 32 56 19 11 50 51 47 41 18 15 39 61 3 40
17 26 56 62 37 67 23 35 0 47 44 17 57 48 17 5 11 31 55 37 57 11 29 28 59 60 32 20 29 53 21 52 58
94 36 18
81 14 188
3 35 311
21 12 111
44 1 259
78 61 1
67 52 435
58 50 427
93 6 321
63 83 57
62 59 485
25 62 387
91 47 262
3 21 124
32 28 70
23 77 376
78 30 325
44 31 124
37 72 449
75 29 296
10 75 142
14 27 282
76 69 251
66 90 241
27 51 211
4 81 486
69 8 86
36 18 469
86 39 112
63 80 147
7 67 0
71 34 118
67 9 293
76 5 150
8 25 21
30 60 189
76 57 26
58 88 387
47 68 132
89 43 112
10 17 334
42 89 268
61 7 334
82 56 353
66 92 283
91 86 352
86 79 194
3 66 240
62 42 60
25 78 500
21 33 124
37 3 161
15 11 195
69 70 195
13 40 4
81 64 246
93 44 200
64 20 400
5 22 43
72 32 252
25 4 35
66 48 80
43 16 383
59 91 271
69 49 369
58 38 145
72 73 124
78 10 94
29 46 265
7 55 255
93 23 100
19 74 103
60 19 337
75 13 155
47 26 140
43 53 421
4 37 302
60 0 401
14 65 264
19 54 43
7 71 438
42 15 2
27 45 196
20 41 93
17 24 432
60 82 264
8 63 104
47 87 229
67 2 156
65 58 438
13 84 323
18 76 140
37 93 353
27 85 330
77 74 68 62 87 92 54 23 80 57 88 44 15 42 30 3 78 61 72 91 35 70 43 75 93 47 25 6 8 59 2 1 0 5 58 13
79 38 83 76 24 65 75 5 30 18 44 53 65 90 5 36 83 79
39 2 18
19 22 238
1 21 144
11 6 45
1 18 477
19 29 192
38 23 358
32 30 482
1 20 230
35 13 480
22 31 147
13 7 402
19 38 340
8 25 325
24 27 353
29 12 138
11 26 63
38 10 372
24 1 483
13 15 392
4 19 232
5 16 56
29 24 243
27 9 46
0 17 363
12 5 469
3 11 317
8 36 350
35 8 237
32 14 189
35 0 192
26 4 146
22 35 142
27 37 322
32 33 207
29 34 116
27 28 485
22 32 461
38 2 489
19 32
39 38 6 7 24 28 9 32 27 1 18 25 12 18 13 31 25 29
29 15 9
12 10 21
22 9 262
27 0 464
14 7 493
21 15 204
13 19 96
23 6 112
11 16 355
13 25 132
16 3 227
21 23 468
15 4 454
17 22 72
21 12 345
7 27 277
12 1 297
23 20 52
2 18 94
2 13 475
14 17 426
7 5 232
12 26 495
18 11 196
19 21 194
2 14 183
27 28 26
23 24 394
22 8 128
10 4 7 21 19 16 28 2 18 25 15 27 20 26 11
22 0 23 28 11 1 16 0 8
70 33 14
28 16 419
43 33 229
50 4 426
54 29 487
65 0 307
44 25 376
3 27 329
0 59 427
69 34 210
21 32 406
63 8 495
60 5 296
37 49 66
11 66 106
50 58 224
60 53 458
23 11 131
55 13 491
24 62 454
4 19 330
67 14 7
39 47 262
0 21 195
36 40 68
35 15 156
61 28 263
21 12 494
14 69 423
44 64 237
3 46 339
32 10 489
19 45 5
58 31 500
19 17 19
8 67 496
7 63 175
61 3 466
2 54 4
24 26 466
55 9 368
55 43 188
58 55 14
23 18 88
20 7 23
60 44 204
21 24 200
8 1 393
63 23 118
36 41 308
39 68 261
30 20 367
12 56 93
48 60 182
4 36 464
42 38 250
7 52 407
59 42 252
13 6 165
8 48 66
63 50 113
30 39 111
24 22 332
43 57 177
29 65 125
44 51 114
30 2 387
37 35 177
58 37 377
67 61 26
17 56 18 35 39 61 36 31 54 41 59 55 68 3 0 33 19 9 66 13 65 12 6 1 8 7 25 57 4 24 16 47 34
44 36 63 41 25 35 14 57 9 41 48 28 48 14
45 32 10
18 19 247
8 41 49
8 44 237
25 32 227
28 13 163
17 29 399
32 26 297
34 15 223
31 27 184
2 7 78
22 34 16
22 20 445
38 25 128
30 0 67
2 18 370
17 14 151
37 43 215
13 33 99
4 30 120
43 8 122
4 17 159
43 9 401
28 38 144
8 35 198
18 23 354
37 24 179
28 4 430
9 16 410
41 39 207
31 5 164
10 37 9
29 21 226
12 1 160
9 42 398
4 2 233
9 12 8
30 36 87
34 6 341
13 31 208
12 11 347
10 28 18
38 22 308
20 3 139
2 40 281
0 40 27 16 10 44 26 8 14 11 31 3 15 39 37 1 30 5 6 18 22 35 42 19 38 34 43 9 20 28 21 13
3 5 15 9 2 39 13 41 43 29
81 66 15
26 27 304
2 26 220
57 28 297
49 70 379
61 44 410
74 77 271
56 33 472
66 13 494
41 74 165
4 43 348
39 34 278
63 54 472
53 75 206
9 35 315
9 6 47
72 69 241
74 36 14
25 0 17
24 38 118
70 62 56
67 1 346
32 18 83
26 20 137
71 31 30
69 39 131
4 56 258
67 59 424
60 71 176
72 30 313
30 41 17
41 10 27
65 3 466
61 64 142
3 60 103
12 51 321
53 14 309
60 66 181
70 23 216
78 48 99
79 50 80
25 7 22
50 47 53
35 72 35
53 58 5
59 16 203
9 79 146
15 53 322
23 12 199
30 61 13
29 15 215
63 21 254
61 63 5
4 40 407
24 78 129
32 24 367
59 5 167
18 57 178
65 46 160
24 55 266
71 17 445
26 37 174
12 42 239
78 19 127
78 68 350
23 25 493
60 11 83
30 80 318
79 32 185
57 76 114
79 29 470
59 52 178
29 2 208
56 8 292
35 49 394
39 73 312
57 45 426
35 65 482
46 4 292
72 67 226
43 22 200
67 33 76 49 10 77 41 30 69 44 71 11 64 37 7 43 79 80 39 20 26 5 32 29 47 56 2 35 18 60 61 55 73 42 6 27 50 68 63 25 8 78 66 31 51 59 45 38 70 16 13 17 12 0 9 57 72 22 48 24 36 58 19 75 53 54
73 81 24 74 69 44 7 55 69 60 66 14 52 14 11
95 7 44
76 79 179
51 48 207
30 4 486
15 21 391
87 86 254
17 60 130
2 61 80
23 10 335
49 43 25
47 67 186
41 0 414
33 53 45
68 50 331
67 52 427
70 77 130
69 14 495
66 84 318
62 92 491
51 33 268
18 82 416
29 7 64
67 80 277
43 90 307
1 51 408
66 8 459
83 42 160
51 32 379
58 70 114
56 15 479
52 38 341
36 45 117
83 6 484
76 62 364
29 63 114
3 39 96
18 2 196
53 87 480
85 30 317
19 22 178
30 76 78
66 81 175
0 83 76
69 26 208
58 89 277
52 13 461
69 35 363
22 55 150
58 18 357
0 28 30
79 41 168
56 3 195
59 69 132
62 25 25
0 93 147
67 5 393
68 57 75
5 72 387
22 46 327
18 29 321
83 74 362
25 31 21
25 59 445
19 23 321
45 49 107
65 1 137
87 12 246
34 9 419
89 19 240
3 88 243
87 85 438
31 66 134
85 44 23
15 65 210
68 34 53
80 11 347
5 54 484
22 27 145
62 47 69
47 16 28
94 56 137
59 17 459
1 91 57
4 71 217
41 24 389
25 68 198
17 64 441
76 58 475
79 40 258
43 94 117
17 37 141
2 73 364
82 78 214
50 20 463
82 75 140
94 46 50 85 33 23 52
44 9 16 10 68 85 76 83 63 84 87 66 78 45 34 81 66 41 2 7 58 58 7 2 86 47 1 74 80 31 26 39 34 39 32 90 16 27 74 48 76 55 86 14
22 2 18
8 2 306
19 13 434
4 20 344
15 14 374
11 10 27
4 21 218
6 9 200
16 5 455
15 11 447
0 4 57
12 19 266
2 15 100
1 8 424
16 0 221
2 12 339
3 1 112
19 17 454
2 16 300
9 3 85
4 7 8
0 18 73
20 1
21 0 0 0 18 0 0 3 0 2 14 3 19 7 17 21 6 7
90 26 47
1 38 453
13 30 88
71 76 371
31 65 27
29 78 421
60 1 199
81 23 363
67 51 496
43 44 96
72 49 101
31 5 13
54 13 129
2 89 414
30 67 254
19 33 373
39 80 43
25 79 214
23 83 2
33 86 65
76 57 80
11 34 127
82 25 416
17 62 427
51 45 31
66 84 364
0 50 96
9 12 431
55 48 94
19 26 5
84 58 9
81 17 354
16 32 179
29 18 331
30 4 67
66 52 342
71 63 205
36 64 233
86 31 165
48 75 30
72 35 490
22 73 222
7 60 408
56 87 11
9 28 360
17 68 234
88 27 465
39 6 217
70 9 167
5 3 200
8 40 240
61 56 378
70 16 500
60 20 487
55 61 100
52 77 315
2 53 247
23 42 23
70 2 132
52 7 182
60 72 264
67 29 409
19 69 11
44 21 53
30 22 361
36 37 19
7 81 482
8 47 76
8 74 108
15 88 318
13 55 232
3 71 212
22 36 110
76 70 358
5 66 165
73 24 144
79 11 248
15 39 242
88 10 193
31 59 238
58 43 59
50 82 458
36 14 350
7 15 470
67 8 433
17 85 90
76 41 178
23 46 134
5 54 166
79 19 231
84 35 12 67 28 77 46 78 6 4 38 14 44 42 9 39 57 83 74 51 32 73 23 29 33 87
85 1 51 25 44 64 4 67 40 31 70 83 36 65 62 85 71 0 40 11 54 6 20 2 70 61 55 78 63 78 23 85 21 66 25 81 74 10 7 41 62 30 34 33 12 0 87
82 37 20
21 79 384
37 7 412
23 43 344
47 65 229
48 18 57
50 78 494
33 40 68
35 58 368
81 1 465
67 2 210
62 37 56
43 72 128
46 15 428
79 30 138
70 54 423
46 57 64
47 46 396
54 11 130
81 71 53
54 13 339
39 10 121
15 35 369
35 59 173
62 48 95
18 34 452
34 20 366
57 55 186
39 42 448
50 19 216
37 25 113
51 45 210
34 63 382
39 74 481
18 32 453
57 49 288
30 41 307
32 29 55
66 12 276
24 39 227
25 76 204
68 77 14
30 44 59
11 80 249
59 51 233
51 61 374
43 27 97
17 8 218
79 26 238
11 66 177
7 81 240
48 73 130
80 50 164
26 67 197
7 6 209
31 56 162
49 22 361
80 33 88
9 53 181
76 38 292
81 75 127
55 60 11
68 36 332
21 24 210
79 68 159
66 17 144
24 31 181
70 0 228
76 28 328
12 69 443
4 47 271
59 9 351
48 23 358
12 16 117
15 21 335
30 5 142
13 14 224
76 3 394
59 64 179
65 62 20
9 52 404
47 70 285
34 1 7 17 72 51 20 29 81 4 8 11 80 66 39 48 60 49 40 42 65 74 61 63 53 14 22 28 70 69 35 13 47 45 55 58 54
12 53 65 21 81 28 60 58 79 28 73 37 81 9 41 63 22 5 66 13
87 52 41
48 15 84
34 49 154
86 24 210
11 26 63
40 0 365
76 4 388
6 82 264
55 84 348
66 25 479
49 74 209
43 85 301
53 63 260
23 61 415
6 5 10
48 79 321
51 30 207
24 69 475
55 37 336
14 60 292
2 16 398
77 76 38
19 13 396
23 62 102
50 58 388
19 36 191
27 19 469
9 50 38
62 10 153
51 67 166
53 51 165
58 8 424
64 27 270
26 72 239
34 6 169
5 70 432
2 68 295
32 48 408
32 34 183
41 12 394
39 41 487
9 3 462
77 14 384
43 54 486
70 28 31
34 20 133
55 22 300
70 39 390
35 78 414
20 86 375
20 64 353
19 1 223
77 59 339
27 35 112
31 81 310
5 9 290
49 57 91
61 46 460
71 11 196
35 21 129
58 73 358
62 75 235
31 32 329
48 66 79
27 2 282
66 71 5
66 44 313
50 55 252
70 45 393
53 77 428
41 47 359
42 29 290
9 18 204
40 17 333
64 53 149
23 40 246
29 43 487
43 38 151
41 56 154
86 23 313
79 52 325
62 33 202
74 42 309
31 65 190
2 7 297
74 83 172
39 80 497
66 13 64 39 38 57 31 77 86 85 47 59 28 61 74 76 69 56 29 49 7 17 30 1 2 79 15 36 52 78 22 25 23 62 41 11 80 10 54 75 18 84 21 19 33 34 72 6 63 20 71 43
49 76 13 73 18 2 46 49 45 19 46 49 47 81 66 22 57 5 68 65 81 55 67 31 60 34 81 45 35 72 36 53 68 20 21 45 51 70 26 18 9
52 45 38
35 42 167
10 17 153
11 10 362
51 2 380
22 39 46
2 0 160
22 32 460
1 6 138
51 3 455
26 15 431
10 27 191
27 16 468
28 25 418
29 26 432
7 20 59
32 23 223
44 43 387
42 40 14
3 9 450
39 14 0
11 22 437
39 33 167
10 29 3
24 41 496
18 51 248
51 50 187
41 36 490
27 44 132
35 13 124
2 11 386
44 8 376
22 7 211
44 37 254
13 45 373
42 21 35
41 30 316
25 49 99
6 24 251
13 47 417
35 4 88
9 34 469
41 48 227
3 46 235
3 1 237
50 12 38
34 35 472
7 31 90
27 5 271
26 19 486
25 38 75
46 28 492
3 32 26 9 2 40 35 33 12 20 22 44 46 37 34 19 50 8 24 38 16 47 23 1 25 4 18 51 36 13 31 30 45 43 11 27 29 10 49 14 21 6 15 42 39
29 9 52 10 11 28 31 36 10 34 51 24 51 52 4 47 22 7 43 38 18 27 50 15 46 13 34 39 51 5 10 49 24 20 9 35 2 15
35 14 12
4 25 412
30 17 404
30 32 8
13 29 98
28 34 458
29 10 457
4 6 231
12 8 294
28 0 463
11 5 451
27 1 463
25 21 171
18 30 197
28 19 348
25 33 244
18 13 105
29 22 84
24 15 495
6 3 147
12 26 88
4 11 342
26 24 476
30 2 230
17 14 486
7 4 298
7 18 418
7 12 320
13 23 331
8 28 320
24 9 196
27 16 404
13 27 205
11 20 197
24 31 248
33 13 23 17 31 0 27 18 1 26 5 21 34 8
35 8 24 34 8 33 30 1 4 3 16 33
63 28 33
27 45 470
32 28 5
39 19 5
58 1 133
4 34 281
12 52 241
8 53 210
28 43 8
19 62 240
24 6 448
62 41 42
14 27 261
33 32 499
26 55 385
30 36 430
45 30 395
46 7 240
58 31 443
16 24 203
43 5 189
62 0 472
12 60 451
11 18 280
38 49 282
7 20 496
16 44 283
6 47 278
30 33 232
4 40 192
4 42 87
32 9 139
8 13 312
7 39 427
22 37 366
16 21 107
43 51 7
11 2 382
11 15 322
50 3 93
19 11 73
38 35 322
9 17 467
3 10 3
62 48 316
9 46 58
9 26 21
21 12 93
7 54 106
20 61 476
21 4 398
50 22 481
46 59 429
56 14 400
43 16 259
20 50 434
12 29 419
46 23 408
3 25 234
32 38 467
3 57 490
50 58 112
39 8 192
41 31 8 27 9 11 35 2 12 33 7 32 21 3 58 42 10 26 39 43 53 46 4 50 6 49 38 23
3 43 2 32 16 34 1 54 50 21 15 46 51 7 23 37 28 46 3 47 34 61 37 50 33 56 56 51 2 32 11 22 34
95 45 37
93 82 421
59 62 293
85 13 51
45 67 258
94 60 80
68 17 440
52 9 162
48 14 433
81 93 230
57 59 216
69 1 14
32 54 437
28 66 212
12 19 241
68 53 103
64 25 188
86 26 300
64 20 106
39 2 397
74 10 69
61 69 376
54 44 139
6 32 254
45 83 103
76 5 121
17 58 305
46 92 482
85 56 186
33 75 402
48 30 414
52 46 56
77 8 60
49 94 168
61 45 299
42 89 479
17 41 240
76 73 69
14 40 224
14 88 244
91 22 318
16 28 209
54 0 281
24 61 294
13 29 458
20 57 314
39 90 48
45 37 374
11 47 31
70 7 226
87 11 7
7 24 74
53 50 57
30 42 24
23 55 213
62 48 149
77 12 132
17 72 320
43 36 414
49 6 158
13 21 205
86 78 119
28 18 227
13 49 63
80 52 379
54 31 148
94 68 465
7 80 404
49 38 231
81 86 45
15 77 286
46 63 306
16 76 83
81 43 491
48 85 185
93 27 155
60 51 104
68 84 312
80 16 340
32 33 136
2 91 175
52 3 379
24 81 52
34 15 66
7 39 96
39 23 185
80 65 399
71 74 440
30 79 212
34 87 154
28 35 253
79 34 267
85 70 422
84 4 45
79 71 67
46 35 17 2 50 38 40 15 59 81 20 12 73 26 58 34 8 85 51 67 14 69 4 86 19 16 10 77 66 88 87 1 6 9 91 68 57 0 30 79 3 71 78 29 39
46 1 34 61 35 20 51 59 27 28 66 17 10 72 61 57 25 78 70 13 29 32 11 15 82 25 84 26 60 67 10 16 16 49 56 45 13
84 23 26
59 34 191
11 25 316
10 65 226
20 62 374
65 14 205
40 24 474
22 1 9
72 13 259
76 39 27
33 7 13
45 35 141
65 28 439
72 11 34
19 64 311
0 29 401
39 37 30
39 3 64
73 81 12
26 50 115
50 48 17
23 4 330
76 82 438
10 15 458
40 66 340
61 52 104
53 22 74
22 75 297
22 70 471
53 23 309
7 30 76
63 32 299
45 80 429
73 40 369
81 56 216
68 8 293
40 79 447
54 42 252
15 78 324
46 49 25
82 6 167
46 57 128
48 36 33
19 72 276
18 33 349
60 45 482
16 27 26
48 55 122
72 58 493
26 53 206
7 54 18
81 41 72
65 12 146
71 2 489
58 17 62
74 38 158
23 43 456
58 77 372
58 67 101
76 19 348
7 46 211
71 9 328
39 0 204
68 21 445
53 74 0
74 83 443
33 73 87
6 10 225
6 71 200
23 31 163
18 26 345
37 16 299
60 20 416
52 18 178
52 76 268
73 63 308
13 51 102
37 59 473
26 60 443
0 68 56
60 47 97
11 44 483
48 69 474
6 5 185
8 9 65 40 34 69 14 77 21 75 42 68 47 70 64 25 3 2 51 67 6 10 76
7 75 33 7 13 49 15 78 2 12 23 52 50 63 61 71 6 81 29 27 0 20 33 82 62 70
97 30 16
5 17 415
81 90 63
2 30 440
28 48 373
49 72 467
55 23 420
83 0 322
48 89 474
45 91 217
23 85 163
1 95 202
78 76 63
92 43 267
33 64 125
95 45 5
8 56 244
24 92 67
35 57 457
82 87 422
2 81 283
38 3 33
65 9 171
52 44 160
18 31 235
47 20 184
75 33 153
92 84 335
15 11 119
95 34 360
70 71 63
9 73 36
68 5 382
18 51 9
13 4 133
41 60 192
35 86 12
15 21 497
28 41 312
92 15 382
9 54 427
55 83 161
70 96 141
83 37 331
7 49 272
26 25 148
87 13 226
68 79 333
75 70 27
18 69 248
38 77 399
41 35 106
68 24 94
32 59 496
49 53 172
8 1 321
65 50 29
5 2 327
88 67 129
78 16 180
50 40 38
81 80 37
60 22 328
13 47 488
43 42 244
51 38 237
82 36 465
88 6 75
84 12 31
41 75 184
87 28 236
4 32 323
32 94 355
55 27 113
23 39 438
33 29 366
60 58 290
47 93 345
79 65 78
17 52 57
75 78 200
9 74 155
13 10 55
38 46 397
91 7 217
31 88 328
5 55 303
34 18 125
26 62 17
4 26 13
95 68 246
33 19 371
23 66 147
4 63 286
47 14 257
8 82 20
35 61 406
52 40 61 84 5 38 50 9 68 47 78 65 41 73 94 30 22 23 10 27 75 11 85 33 89 4 48 6 77 69
57 96 80 62 95 63 87 9 42 8 54 76 21 30 36 59
66 16 5
9 20 254
36 65 115
10 9 378
64 19 84
47 27 65
41 31 38
39 54 328
14 63 67
52 57 257
1 10 413
20 17 279
34 35 458
17 62 471
31 5 62
39 14 31
8 25 46
36 59 411
6 60 261
10 48 150
56 26 186
21 0 421
58 37 489
8 45 257
4 49 298
44 52 186
62 7 182
58 29 184
16 44 261
56 33 326
29 40 335
14 55 127
60 56 33
20 6 91
59 39 330
30 4 278
31 12 17
10 53 231
17 8 390
20 21 76
39 23 421
52 2 20
37 43 18
53 36 160
48 46 114
34 22 345
65 28 186
29 32 268
36 18 281
46 61 305
6 11 291
42 1 450
58 47 170
47 51 312
18 30 327
54 24 125
64 13 481
29 50 339
0 15 423
37 38 92
17 64 407
61 58 7
30 34 77
46 16 243
61 3 395
61 41 272
39 16 5 4 0 33 49 25 2 65 18 20 23 9 7 29
46 15 53 64 6
99 84 42
79 55 329
70 29 69
79 40 489
44 13 293
12 30 409
25 61 289
65 67 485
5 31 288
86 16 286
37 0 65
92 90 36
53 76 50
17 84 374
33 25 384
35 77 347
69 92 215
39 65 427
69 17 484
68 51 308
12 5 126
10 34 149
8 42 496
69 1 149
5 19 35
33 3 384
33 4 457
2 24 392
93 44 340
79 47 214
76 54 1
21 35 378
76 94 425
32 82 455
10 12 461
92 96 475
68 98 92
38 36 429
64 87 253
21 8 224
66 48 244
70 72 476
59 86 424
62 10 461
88 97 464
80 38 140
62 80 86
62 83 139
50 53 158
3 74 271
17 63 453
18 22 118
44 71 82
1 41 472
70 91 128
59 26 252
88 6 232
25 23 44
64 27 47
98 39 146
2 95 1
16 15 8
51 66 340
9 60 407
5 73 336
80 59 89
16 32 382
50 45 8
38 69 69
44 75 307
25 58 41
38 18 403
16 9 228
19 85 488
45 2 225
52 79 271
10 37 30
52 88 493
98 49 145
9 56 374
34 21 87
18 70 263
21 81 452
39 64 111
68 33 312
34 20 442
88 43 158
51 93 37
45 57 455
1 89 22
12 52 134
2 62 392
94 46 264
17 11 102
9 78 487
35 7 313
64 14 20
80 68 308
18 28 317
33 89 26 96 82 95 75 22 21 84 34 29 52 62 68 2 9 24 16 49 65 76 41 42 64 94 98 36 18 87 30 6 54 35 70 77 12 44 86 7 45 37 32 5 71 3 80 15 90 73 78 67 72 19 0 17 8 74 38 57 69 28 27 10 13 40 61 63 11 23 53 79 4 25 46 1 43 60 97 50 59 93 92 31
3 24 73 10 64 9 31 59 9 48 81 70 1 31 6 60 59 27 87 65 64 27 39 19 27 38 79 46 96 77 10 20 56 20 12 53 46 89 61 0 80 61
75 1 24
6 19 2
25 73 405
36 10 131
9 20 440
13 25 458
16 9 21
8 44 315
22 14 139
2 18 254
58 7 30
44 36 418
22 13 228
13 2 9
36 21 335
25 37 140
27 40 347
54 38 99
0 34 261
36 71 395
48 1 317
7 64 175
32 56 152
68 11 119
37 74 204
25 51 446
7 6 139
45 49 445
37 72 446
14 43 297
33 45 425
23 41 66
47 27 275
16 5 58
46 54 9
67 31 51
37 12 29
58 62 331
5 3 155
41 52 74
55 61 203
19 17 129
43 68 490
73 63 106
70 46 250
49 29 309
2 0 419
62 47 417
41 28 82
23 32 386
68 60 114
45 39 366
41 59 85
55 22 404
39 66 160
46 55 299
39 65 106
73 30 435
38 33 5
13 15 322
62 26 139
67 23 174
7 16 268
48 50 234
48 69 321
43 4 259
61 67 269
67 35 127
38 58 449
44 48 113
73 57 220
68 53 268
49 42 206
62 24 21
61 8 39
4
67 9 27 43 34 57 20 74 10 61 46 20 52 33 36 60 67 73 58 62 17 22 58 19
10 8 8
2 5 300
1 7 57
0 4 286
7 2 391
2 8 485
3 1 206
0 6 20
1 0 50
2 9 392
7 2 8 1 6 0 9 3
6 7 7 3 7 7 7 3
77 41 4
59 42 460
28 33 228
55 35 82
4 51 210
27 21 145
38 49 111
55 57 205
47 6 298
65 53 462
47 29 151
12 1 273
69 24 424
45 46 450
52 18 133
17 31 429
32 9 499
56 61 116
5 8 146
5 70 12
39 45 321
73 26 395
50 28 307
8 30 283
52 25 11
63 20 192
63 76 437
53 19 397
8 11 320
7 2 184
19 74 432
4 59 143
22 47 279
12 44 177
52 32 299
38 63 386
37 48 393
50 7 122
59 41 57
7 22 197
18 58 30
21 73 64
56 34 270
37 71 368
25 60 257
73 62 317
17 64 18
19 39 250
39 52 379
4 14 0
76 0 380
37 3 241
63 75 465
74 56 335
71 38 467
34 16 401
54 55 444
38 4 249
8 15 473
49 12 479
31 65 159
46 67 446
25 36 60
20 40 457
64 37 44
21 69 464
75 72 86
39 5 436
55 68 471
7 13 456
75 10 120
2 17 266
61 66 210
19 27 375
27 54 117
75 23 250
70 43 462
69 17 63 74 55 45 72 29 28 48 2 53 75 9 33 13 50 43 27 25 41 26 14 65 16 12 37 21 3 64 1 32 54 40 62 61 4 57 60 24 59
17 67 29 7
16 1 7
7 11 35
3 8 255
1 6 174
14 10 390
1 0 247
4 9 46
4 1 286
8 2 259
3 14 103
9 15 455
3 5 350
2 13 65
14 4 387
8 12 23
8 7 23
10
10 10 0 0 12 2 15
57 30 35
12 49 469
42 23 31
2 39 484
6 41 151
2 48 171
55 47 291
16 30 188
26 43 311
47 45 6
52 27 17
16 19 70
21 50 251
54 2 426
43 46 106
1 11 230
13 55 155
7 17 142
7 31 494
37 18 175
11 38 140
39 4 267
52 35 380
51 1 477
34 0 99
9 28 321
55 8 457
8 54 156
13 5 216
38 13 209
22 20 256
16 10 175
15 37 425
27 36 164
12 9 123
8 6 373
34 52 52
37 24 110
21 44 70
53 12 19
53 14 325
54 15 32
13 26 193
47 53 341
56 7 58
41 33 65
34 32 414
47 22 436
22 40 487
35 3 158
41 21 489
43 34 413
56 42 316
39 25 178
2 16 314
35 29 317
54 56 294
15 54 53 33 49 22 37 3 42 30 52 50 16 7 11 4 44 32 24 47 43 31 10 1 45 14 51 46 23 35
44 41 21 56 21 14 14 54 46 32 29 13 47 45 45 34 1 47 20 9 34 35 22 29 12 50 14 54 29 19 2 14 1 18 24
50 3 40
38 33 264
38 48 96
42 14 178
38 44 395
37 18 270
12 19 299
13 25 469
9 40 493
0 12 500
40 30 25
39 42 75
12 29 83
0 37 242
42 47 24
2 1 208
7 35 16
39 15 262
2 3 95
46 26 265
30 28 170
31 13 81
30 7 64
34 16 36
30 38 56
0 10 380
48 0 310
40 20 436
34 27 319
7 39 246
26 17 338
44 46 201
37 4 469
35 2 146
37 45 247
44 31 95
1 6 480
35 5 0
21 23 440
46 36 316
35 24 42
46 34 25
13 11 309
15 41 284
26 49 217
42 43 348
40 22 251
2 21 397
34 32 32
1 8 205
13 18 1
29 16 19 11 34 19 37 38 12 34 23 49 5 39 6 15 24 31 16 49 2 9 36 15 41 34 26 28 30 1 12 2 0 43 46 40 7 20 4 11
11 7 2
7 8 68
0 4 31
3 2 236
6 9 171
9 5 36
10 3 318
0 6 104
7 0 333
4 10 13
10 1 265
6 4 9 0 10 3 1
6 11
43 33 2
41 30 284
22 23 481
32 36 498
22 0 60
30 10 35
36 28 233
11 21 87
8 6 376
39 29 173
30 3 168
15 12 242
19 40 386
39 20 217
28 18 199
36 19 461
30 9 17
22 31 77
28 17 81
2 26 302
7 33 73
41 4 433
14 24 337
14 8 276
1 42 247
16 1 278
26 27 243
37 7 405
1 41 15
4 13 355
14 16 480
2 37 316
6 22 81
32 5 113
35 2 425
16 32 163
39 38 106
7 14 278
42 39 493
16 25 212
5 15 54
36 11 301
15 34 316
4 12 0 38 26 18 39 9 2 1 32 37 34 11 3 6 41 5 23 30 28 13 42 29 10 31 22 17 36 16 33 15 27
36 4
78 24 39
39 47 421
58 72 416
36 42 132
32 11 197
68 48 161
77 1 168
26 59 87
9 70 424
23 2 492
51 25 403
36 43 267
73 46 398
14 51 471
1 65 27
60 32 486
57 30 456
74 52 246
73 34 243
12 56 129
9 54 356
44 69 86
74 10 452
39 18 23
21 40 392
41 16 322
65 57 47
1 26 161
64 28 1
37 58 337
36 63 10
46 27 245
17 67 76
46 38 169
65 41 344
48 53 228
73 9 210
72 60 483
33 76 313
32 33 259
29 68 60
69 4 56
53 36 353
32 8 207
64 22 456
59 5 19
50 29 352
51 12 328
8 64 311
4 74 13
47 45 218
49 50 172
64 0 188
6 3 392
25 71 307
19 49 294
22 55 353
60 44 152
47 24 222
18 62 111
77 14 116
14 23 98
46 35 244
12 61 398
44 7 295
58 66 51
9 20 280
1 73 196
14 39 155
12 13 358
60 6 215
72 77 283
25 15 121
42 37 83
47 31 422
65 21 436
4 17 203
28 75 432
47 42 15 2 18 29 66 32 34 41 44 54 71 43 31 65 48 53 12 58 70 64 9 11
60 1 68 25 43 44 7 50 22 34 55 74 42 61 25 68 4 69 74 43 19 61 12 35 63 7 63 65 58 35 3 51 22 14 67 8 36 4 32
28 18 19
10 16 170
13 25 474
19 2 433
6 24 361
22 11 353
14 8 473
13 26 312
19 21 175
14 3 187
18 20 276
0 19 87
22 17 174
6 10 126
13 5 362
17 1 463
22 4 47
1 7 74
20 12 441
14 15 135
0 23 402
11 6 209
19 27 404
15 9 211
6 13 190
11 0 169
4 18 288
1 14 48
19 6 12 22 27 16 25 23 13 8 20 10 24 5 17 4 26 11
1 21 25 21 0 0 20 10 23 20 25 11 23 9 21 25 20 11 0
95 3 49
6 38 292
92 31 134
4 15 140
90 78 31
93 18 247
42 11 219
61 13 366
9 2 154
92 20 315
9 3 287
17 79 328
69 35 500
41 59 459
72 21 256
35 75 500
17 7 438
82 86 179
43 9 471
82 92 480
68 51 182
78 34 499
18 16 155
63 74 227
75 45 333
18 32 161
64 58 224
13 94 11
55 73 161
26 56 324
90 93 26
79 89 403
4 83 449
36 65 443
82 81 134
17 87 217
47 19 264
84 76 395
39 28 303
27 39 211
73 66 477
29 60 0
41 5 233
26 77 439
94 33 328
34 54 278
93 36 466
61 46 75
44 43 256
92 80 89
47 82 481
9 25 366
87 24 211
13 84 97
51 14 123
34 30 467
39 12 319
90 57 165
52 41 258
57 23 409
41 8 259
77 72 452
26 44 199
67 27 172
74 47 193
74 29 265
85 67 228
77 61 14
5 26 305
8 69 290
91 10 141
57 42 69
79 37 17
55 52 495
18 62 188
23 53 435
88 64 447
27 90 283
27 6 232
77 68 47
46 50 186
29 49 76
52 0 147
78 4 63
87 22 126
35 17 244
23 71 24
36 48 221
52 85 488
85 88 69
78 91 393
85 63 274
84 40 151
84 1 458
34 70 80
83 21 35
10 55 9 93 77 26 57 76 18 44 24 95 3 67 83 71 59 14 43 16 23 94 59 61 48 72 58 41 42 77 83 2 46 51 1 41 33 41 86 53 21 46 24 59 48 10 76 6 62
87 48 16
68 84 367
58 42 43
62 38 376
44 86 436
34 76 112
19 8 337
7 57 192
69 44 304
46 34 454
7 63 458
52 80 65
39 2 135
32 26 297
66 14 345
30 82 207
34 20 413
73 72 472
10 58 296
58 75 417
40 22 440
62 47 86
32 13 431
66 6 374
28 49 381
72 30 148
49 3 393
48 51 377
72 7 285
7 25 472
15 56 218
65 27 35
10 60 339
2 50 415
67 61 171
39 18 80
15 36 414
28 12 477
61 24 227
6 39 343
65 29 117
10 77 380
28 66 195
83 41 92
40 74 2
24 43 195
66 73 40
48 9 63
80 45 208
1 59 392
65 16 362
23 40 96
69 10 475
0 69 216
0 68 274
83 1 276
1 55 434
2 85 186
19 78 445
69 70 152
83 35 152
40 0 423
12 48 37
37 21 304
6 52 408
30 11 170
86 65 327
44 62 97
2 33 297
49 53 124
23 28 430
58 71 22
84 37 73
14 5 474
15 31 231
61 32 15
3 83 99
51 15 109
68 19 248
44 79 185
0 4 170
74 67 246
37 17 461
73 46 441
34 81 108
30 54 233
8 64 434
44 27 33 69 14 18 52 32 62 74 73 2 56 1 5 71 70 64 47 41 35 13 22 61 29 68 25 15 63 66 26 46 4 3 36 24 60 10 40 54 79 81 58 55 21 7 28 80
56 81 21 52 46 19 33 10 41 7 4 41 82 67 25 40
61 29 27
47 23 373
57 29 86
28 32 218
56 5 102
60 7 486
13 21 20
9 58 26
30 43 480
36 52 465
27 40 440
53 11 169
31 37 491
31 49 492
56 18 157
30 19 449
50 60 184
46 10 29
18 54 315
46 2 335
59 34 119
5 17 344
45 41 318
5 24 461
18 33 323
1 4 406
34 53 268
39 56 422
45 8 107
17 46 60
60 22 124
0 28 93
57 31 279
27 25 168
50 9 456
57 45 162
53 55 478
46 13 411
13 42 387
18 14 349
9 35 180
45 3 64
14 27 328
48 15 11
15 1 66
31 16 369
14 30 422
51 26 267
4 39 408
59 50 273
24 38 484
0 48 293
50 51 364
28 6 2
0 20 484
5 59 33
15 12 0
24 57 192
27 44 297
14 47 365
15 36 87
60 14 13 22 53 23 7 49 57 50 18 2 0 21 33 42 1 16 52 59 32 12 28 39 11 15 35 19 43
22 20 10 32 20 5 25 19 9 5 30 5 2 23 31 48 39 21 33 49 8 60 19 24 45 1 36
9 3 9
5 4 427
5 7 425
7 2 444
8 0 174
3 5 184
5 6 437
8 1 95
7 8 229
2 7 0
6 9 5 5 0 4 8 3 0
80 61 39
19 0 196
55 59 437
15 44 468
22 49 176
61 26 93
14 77 264
50 25 31
23 65 78
0 3 44
59 52 198
48 58 386
38 14 185
52 72 378
2 11 304
3 51 25
50 8 209
51 62 54
40 36 400
54 34 233
22 31 187
6 10 270
62 45 36
79 17 61
12 48 212
3 54 88
23 27 111
59 23 136
52 73 489
73 30 242
4 75 342
12 68 127
2 18 26
79 57 474
69 41 269
53 2 85
71 78 223
55 19 218
73 56 377
21 43 307
48 71 179
61 5 49
27 38 272
54 21 47
72 22 433
34 28 242
58 42 286
58 9 379
48 33 261
51 6 467
72 79 189
0 12 347
56 63 63
30 24 227
68 60 266
15 1 446
79 37 352
14 76 328
21 20 244
36 16 172
36 74 256
2 13 305
67 69 495
38 50 54
73 64 97
14 35 96
38 4 193
0 67 304
6 29 485
34 46 289
27 40 216
67 53 42
59 66 482
4 32 331
71 70 65
58 39 264
30 61 326
3 47 235
51 15 298
66 7 43
26 39 6 54 5 22 75 61 41 50 24 7 77 49 79 37 72 28 57 23 66 65 3 76 4 2 11 58 17 18 47 56 15 53 45 62 20 68 36 71 21 1 12 64 31 0 34 35 67 14 42 48 55 29 51 46 9 74 43 32 8
32 63 16 37 22 37 5 50 14 41 49 33 24 73 60 73 65 46 53 35 45 40 37 32 27 42 46 7 36 24 24 53 28 53 28 18 21 32 30
7 4 3
1 4 364
2 6 124
1 3 113
1 5 261
0 1 144
0 2 35
4 1 5 3
5 1 3
13 10 3
4 12 205
2 9 335
9 0 156
0 5 170
3 2 379
0 4 16
2 11 274
2 1 140
4 6 495
8 7 161
8 3 499
1 10 381
5 2 9 11 10 7 12 3 6 8
4 6 7
23 7 9
4 20 389
12 15 492
7 17 231
19 4 108
16 14 436
7 0 329
20 8 183
4 7 466
19 13 216
20 11 226
16 22 387
4 16 124
19 9 103
3 19 52
22 18 448
8 6 385
2 10 397
8 1 400
20 2 163
3 12 315
9 21 335
16 5 349
12 20 22 8 13 14 7
4 18 5 21 18 2 2 22 19
89 7 27
8 4 240
47 35 248
21 24 118
15 25 286
60 26 423
0 76 485
48 78 417
30 20 446
25 5 267
63 51 125
51 84 55
2 49 364
6 69 320
11 21 161
72 81 277
23 64 203
68 30 181
0 34 328
32 29 492
21 88 40
1 45 268
47 87 102
51 12 293
0 43 352
55 86 182
87 36 223
50 11 214
13 33 178
19 52 431
35 41 25
42 2 181
85 46 362
87 22 295
29 67 373
69 39 353
53 85 360
48 75 430
64 61 449
8 53 427
13 37 212
31 17 480
87 74 101
4 38 156
35 16 232
2 28 473
81 18 103
66 27 233
14 82 415
63 7 479
17 68 157
40 32 431
85 56 271
32 77 107
50 60 226
23 8 499
1 48 28
15 54 438
19 80 410
61 65 132
18 55 391
26 83 272
53 13 424
48 57 28
14 58 5
60 19 125
7 50 17
40 72 260
50 42 390
45 10 117
59 63 219
81 70 355
59 40 164
55 71 331
1 0 153
63 23 202
19 79 114
23 6 256
30 59 115
4 44 63
14 3 387
25 14 178
2 62 365
8 47 398
51 15 274
21 73 253
77 1 55
18 66 88
53 9 161
79 15 28 36 39 61 24
50 23 3 49 13 66 29 22 57 88 84 77 75 88 24 62 57 55 11 23 73 73 8 51 6 27 14
32 26 3
4 26 91
3 15 161
22 27 451
7 3 176
10 8 389
5 0 490
11 4 411
19 17 217
28 23 181
11 22 79
5 12 18
4 6 456
20 29 393
7 18 256
8 9 298
14 1 172
20 25 312
23 20 328
0 7 149
12 11 315
17 5 426
13 2 444
14 30 74
18 31 465
11 14 208
0 10 38
12 13 104
28 24 334
13 16 82
17 28 454
20 21 209
22 31 28 2 10 18 13 12 19 14 26 1 17 3 25 27 30 8 23 6 5 11 15 20 29 0
16 28 31
81 40 19
56 33 347
37 19 98
55 67 89
55 78 214
47 3 331
26 10 290
68 15 306
12 42 59
6 37 394
41 18 369
8 4 412
57 46 143
36 75 260
18 6 287
15 39 320
55 13 182
62 27 22
37 21 139
8 49 244
68 29 144
58 70 141
43 59 442
0 35 64
14 1 58
15 66 86
21 68 46
62 16 83
14 40 416
32 79 167
37 25 194
29 32 370
41 34 214
48 61 474
35 72 194
52 26 112
60 17 195
35 64 97
57 45 168
12 38 111
36 44 402
9 58 488
28 56 159
26 7 432
10 8 241
20 5 306
36 2 127
6 23 26
6 52 118
60 51 297
56 62 339
53 77 106
7 80 105
19 54 348
25 28 397
68 9 271
10 43 399
51 69 49
9 53 69
12 76 461
57 63 212
54 48 432
8 74 345
47 55 253
10 20 115
54 14 39
21 47 408
25 50 311
28 31 219
28 65 266
0 73 303
26 60 67
30 24 256
7 57 237
17 11 202
17 71 338
58 22 452
9 36 165
0 30 39
50 0 498
47 12 23
24 62 19 25 35 42 7 63 73 4 64 36 33 6 59 51 15 9 21 32 57 74 29 13 11 20 52 49 54 2 18 14 76 55 5 56 69 3 10 30
64 75 46 8 67 0 46 80 2 67 61 30 16 61 74 70 31 1 69
3 1 2
0 1 229
0 2 102
0
3 3
55 28 14
26 43 148
34 46 206
41 53 290
32 15 19
24 18 26
41 29 113
20 30 129
12 26 460
40 34 1
16 47 366
0 1 86
6 5 356
25 17 408
27 6 111
16 52 333
21 19 163
25 12 94
10 22 99
46 36 26
31 28 123
37 41 196
33 45 306
16 39 346
1 14 382
46 23 47
51 27 422
36 9 208
36 51 261
32 4 322
36 3 212
24 48 105
6 2 340
26 50 481
41 49 233
45 0 156
28 33 477
24 54 98
14 40 56
12 16 301
7 24 238
3 35 23
23 7 87
38 31 121
25 21 7
43 13 378
46 25 123
6 11 461
27 32 413
10 42 464
12 20 413
23 37 487
19 10 212
27 44 35
26 8 272
52 31 38 46 10 3 13 45 27 28 2 7 42 49 14 1 8 54 26 16 11 30 40 53 41 17 25 0
19 6 36 9 24 22 7 55 14 25 36 3 26 42
26 24 10
18 24 408
16 5 336
20 19 16
14 10 14
16 6 207
18 15 83
17 14 354
13 1 206
12 22 492
8 17 341
14 3 207
23 7 255
12 4 466
6 11 158
17 18 142
19 16 338
19 8 47
17 23 38
6 13 352
23 21 205
2 12 319
8 2 180
23 25 211
18 9 141
2 0 486
24 4 8 5 7 10 21 9 11 3 22 25 13 15 6 0 20 17 12 18 1 14 23 16
15 19 25 11 23 21 16 17 15 17
12 4 12
7 0 125
7 8 254
2 4 455
2 7 6
7 9 361
0 11 439
8 3 379
0 5 203
0 1 310
9 6 27
10 2 193
4 5 0 6
7 5 5 9 3 4 12 7 1 4 1 7
32 10 16
16 8 346
6 31 378
3 21 313
0 1 230
6 4 29
8 24 429
29 15 498
29 10 387
7 11 377
21 29 440
5 20 227
13 25 179
14 3 299
3 7 204
25 2 319
30 16 296
10 9 7
7 18 286
9 23 276
6 17 204
20 13 267
16 19 168
17 27 440
16 6 493
7 26 293
30 22 284
3 0 250
15 12 25
30 28 408
0 5 390
11 30 104
19 3 26 14 30 21 28 23 9 20
26 5 22 15 18 31 20 1 7 19 8 20 14 22 15 29
21 17 14
16 19 392
3 7 70
6 12 8
11 8 272
6 10 29
18 9 121
18 11 73
6 17 381
14 15 413
9 4 480
11 0 104
18 6 457
14 13 58
14 16 443
9 5 322
7 20 441
19 18 186
9 1 226
16 2 278
19 3 251
19 10 16 4 13 6 3 5 0 1 14 9 11 8 15 2 18
1 1 0 19 9 7 21 4 2 6 8 13 15 9
99 93 4
19 82 40
91 68 169
53 5 113
25 78 229
58 47 249
13 80 25
11 46 11
86 75 414
83 55 170
61 42 161
76 63 76
55 93 27
83 54 114
54 13 134
6 87 196
56 44 239
61 23 19
60 11 210
24 38 150
58 65 259
2 85 453
2 50 97
64 34 10
49 64 167
67 91 270
41 83 352
45 53 102
96 26 20
73 48 155
9 49 297
0 51 93
31 57 294
80 15 162
53 94 162
13 12 15
7 3 311
3 43 175
80 4 10
93 88 325
83 21 128
90 27 116
2 33 497
29 1 495
3 71 131
93 56 496
53 89 270
72 20 338
35 37 29
0 66 443
35 18 403
89 90 60
96 79 60
59 69 412
55 84 309
73 7 8
21 36 252
60 52 196
60 28 413
58 98 169
74 67 494
67 25 345
59 41 274
19 17 420
76 24 333
62 9 331
29 19 236
27 77 464
11 40 427
3 81 167
84 95 356
55 72 484
9 60 206
7 58 50
49 6 384
54 0 206
27 92 399
90 96 281
6 97 433
61 32 494
22 70 305
66 30 429
62 74 289
74 29 328
0 86 455
45 62 365
31 35 62
66 39 181
9 31 378
62 73 93
96 14 267
76 10 7
21 76 382
90 2 193
7 61 303
31 22 224
95 8 373
59 45 301
80 16 306
74 49 68 14 33 30 55 64 37 51 79 5 28 22 45 43 1 91 80 69 23 8 25 70 85 75 20 95 82 24 81 9 88 63 50 13 90 11 18 89 21 92 10 78 42 27 65 36 94 71 56 29 96 54 32 84 93 52 60 53 44 67 72 39 41 19 59 15 86 98 76 35 38 2 34 31 26 73 97 7 12 3 48 66 16 47 17 87 77 4 46 61 83
47 55 12 95
66 48 36
51 46 230
18 3 104
7 62 459
14 17 157
2 11 160
12 22 423
51 2 137
18 13 274
1 61 474
46 38 140
25 28 107
28 14 165
35 21 47
59 49 341
8 50 52
40 6 395
7 32 107
19 57 247
19 58 374
26 10 437
21 24 106
28 40 104
7 64 242
30 60 163
8 9 59
14 43 340
52 5 61
37 48 364
43 35 169
60 54 9
41 20 276
25 44 93
6 26 73
52 53 220
26 27 236
42 1 363
55 34 237
9 63 224
6 30 427
17 8 228
47 37 202
25 55 196
18 4 332
51 47 12
35 52 24
10 16 106
19 65 213
35 42 4
21 45 1
12 23 413
47 18 323
5 39 178
40 51 195
55 36 330
17 33 484
28 41 332
26 29 192
17 59 288
60 56 454
29 15 89
8 19 19
52 12 123
47 7 195
60 31 233
53 0 130
59 30 65 17 33 22 7 64 39 12 57 44 31 0 21 18 19 13 34 48 26 41 28 62 25 5 47 14 9 36 37 61 58 11 45 15 53 46 20 40 35 60 29 3 24 4 8 6
50 51 16 5 13 40 13 13 35 28 3 64 41 34 2 5 42 30 11 44 9 21 48 53 35 50 3 45 62 52 35 13 41 12 63 54
20 7 12
0 5 78
0 4 252
3 18 452
4 11 344
3 10 331
4 14 3
7 15 278
18 9 27
9 6 178
19 1 160
9 17 324
10 2 176
3 19 409
18 0 222
19 12 453
5 16 214
4 13 34
15 3 352
5 8 300
8 10 4 17 11 7 18
2 16 13 13 17 18 9 12 7 15 0 5
