1908
12224
0
0
9648
9648
10439
12248
0
12248
3142
0
2359
11757
9078
0
0
0
0
0
0
8907
0
0
5508
6528
7517
0
5935
4523
0
6804
0
7542
7014
0
0
5659
0
6804
2983
7517
7014
0
7014
0
637
2768
819
0
2586
1289
0
819
0
7589
0
8513
0
8513
0
0
0
0
0
0
0
0
0
0
0
0
3280
1035
9091
0
8020
0
8020
0
6706
0
0
0
0
0
0
0
0
0
6270
0
8190
0
6706
0
3775
0
4581
0
3362
4291
0
0
0
0
0
2662
2267
0
0
2994
0
0
2267
0
3117
8391
0
0
4154
0
0
0
5498
4816
0
0
0
4816
0
9669
8768
4461
8391
7227
2762
7482
2762
7975
8768
7482
9102
0
0
7482
7227
0
0
7975
0
3398
0
9669
7482
9648
7482
8935
0
9398
9685
3799
0
6688
0
0
0
0
0
0
0
0
0
0
0
0
0
5294
0
0
0
0
0
0
0
0
0
0
0
0
0
4757
0
0
3874
0
0
0
0
0
0
0
0
0
0
0
0
0
0
0
0
0
0
0
0
8690
0
3957
1532
0
0
3133
3620
7427
0
8829
0
0
7427
0
0
0
2743
6988
4802
7829
8528
0
6112
8528
0
0
0
4802
6988
3133
0
0
3957
2743
5490
0
5093
7829
0
8193
1492
0
3158
0
2336
0
0
0
0
0
1492
416
3158
0
0
0
767
1492
0
2640
0
0
0
0
0
0
0
0
0
0
0
2640
0
0
2270
0
0
0
0
0
0
0
0
2270
0
13156
19448
17795
0
18558
19075
11755
18558
6465
7097
0
1160
0
0
11665
10422
9536
0
7390
11875
11231
0
0
11453
0
9879
0
12070
8157
11875
0
0
0
11665
12261
7911
9850
1272
8931
0
7911
0
9968
0
4525
0
0
0
8931
5771
0
8242
9968
9968
0
8931
0
0
9850
0
3163
0
0
0
0
0
0
0
0
0
8931
0
8746
3607
0
4438
0
2650
555
555
0
0
5040
4203
0
0
1841
0
0
0
0
0
0
0
0
0
0
0
0
0
0
0
0
0
0
0
0
5415
0
0
0
0
0
1589
7983
0
0
0
13457
3798
0
21635
9067
14354
0
19878
10848
12825
0
21386
20608
4365
0
15479
20930
11994
0
15192
10282
17675
18408
1464
0
5872
21245
4365
12560
14652
0
6611
0
0
21386
0
0
14065
13143
19878
6611
10848
8149
18408
16904
0
0
5317
7425
0
0
4612
2975
0
2300
8798
8026
8798
8968
0
0
0
0
0
1820
0
0
0
4481
0
1820
5549
0
0
4481
2054
0
0
0
0
0
0
0
0
0
2054
0
5039
0
0
4509
0
0
0
0
0
0
3006
0
0
0
0
0
0
0
1137
3006
0
4784
3849
0
0
10675
0
0
2986
0
0
0
0
0
0
7495
0
6068
0
0
10855
0
0
0
0
0
0
0
10454
0
0
0
0
7495
5687
0
0
7418
13987
3170
13291
10054
15147
8484
0
12240
2850
7792
0
13763
13763
13763
5990
0
13529
1423
2035
0
11946
15486
0
5293
9028
11149
0
0
0
0
0
0
890
0
0
890
0
0
0
0
0
0
0
2888
0
0
0
2160
0
0
0
0
0
2606
2888
0
0
3676
0
1120
0
0
0
3958
0
0
12138
0
16032
2252
0
14758
8340
0
0
0
4852
0
0
1602
0
0
0
8340
18406
0
13358
0
18103
13358
0
17466
12962
14029
16975
16654
17909
8870
11409
0
0
11003
13734
0
0
1732
0
0
0
0
0
0
5283
0
0
0
0
0
0
8027
0
12880
0
0
0
0
0
0
0
0
0
0
0
0
3796
10077
18945
6636
7080
23679
1598
23267
5482
22654
0
22459
4254
0
0
867
4370
0
0
5471
8105
4370
7337
0
4370
0
0
2720
8888
0
0
1345
7859
0
2001
6678
5120
7024
5120
5120
0
0
7583
9158
3376
3538
0
5576
3244
3948
0
992
3244
5167
5167
0
3948
0
0
0
10569
0
0
0
0
7892
11931
0
9561
5140
0
0
2475
0
8629
0
2475
0
11771
0
7264
0
0
0
0
5140
0
2069
11351
8869
11860
0
5140
0
0
430
430
9244
10216
11123
8453
0
0
0
11123
7221
9244
0
0
9955
0
12682
12763
8453
0
0
0
0
11843
11843
12586
0
0
0
2248
0
0
2248
0
0
0
0
0
0
0
0
0
0
6386
0
0
0
818
0
0
0
0
0
0
0
0
6386
0
0
0
2533
7038
0
0
0
0
0
0
3909
0
3539
0
0
3302
0
3909
3909
5640
4468
6564
1665
2249
0
0
3909
1665
3302
3539
3867
834
0
0
9563
7691
0
0
0
834
7691
0
0
0
0
8182
0
0
5501
9701
0
9563
0
0
9913
0
0
0
0
6044
0
0
8850
0
6044
9983
0
9701
0
4410
0
4410
9211
5501
0
0
0
1453
2051
1453
1740
781
0
3790
0
11290
0
0
0
0
0
11290
5233
11896
14011
0
5772
14190
0
0
0
0
0
0
0
0
14011
13614
0
0
0
0
4528
0
0
12921
11896
10336
11625
2451
0
0
0
12211
3163
0
9574
9964
0
0
0
10700
0
0
0
0
0
9881
0
0
5478
7016
0
0
10558
0
0
0
2678
3522
10398
0
0
0
7016
0
9399
1320
0
9472
1320
8845
9876
4708
8589
2053
0
11039
11039
1032
11039
7271
7736
2306
0
0
7736
6289
6289
10360
1320
6289
3044
0
0
795
10360
0
1320
5506
7055
2306
6772
10614
6289
10360
7952
11084
3044
0
8394
9099
0
9819
0
6236
0
14742
0
0
14206
8024
7581
10170
14482
13105
14063
10804
6685
0
0
0
0
10170
11694
0
0
0
1901
782
0
11993
11392
5785
10804
0
0
0
0
15024
0
0
0
16765
0
7325
0
0
2105
0
11133
0
0
0
0
0
0
0
0
0
0
7718
10009
0
0
0
0
9316
0
0
0
0
7718
0
0
7718
3516
5632
10740
0
0
0
5632
10504
10396
0
0
10814
8561
10504
0
8839
0
0
0
0
0
0
9899
0
0
3629
11222
8445
0
0
0
0
3629
11730
0
0
0
0
0
0
0
0
0
0
0
758
0
0
0
0
0
0
0
0
0
0
0
0
4104
495
0
0
3459
0
0
0
0
11781
0
8124
0
5914
0
0
12415
0
8124
1817
2613
5453
3894
1387
0
4817
0
0
8123
0
0
8987
0
0
13710
3715
15535
0
15897
16012
6206
15176
6206
5183
0
0
0
0
0
0
0
0
0
0
0
0
0
0
0
0
0
0
2810
6781
0
0
6781
2810
0
0
1575
0
0
0
0
0
0
0
0
0
0
0
0
0
0
0
0
0
0
0
0
0
0
0
0
0
0
2049
0
0
0
0
0
0
0
0
0
2029
0
14501
0
0
6906
0
0
0
0
0
0
0
0
0
0
0
0
11127
0
8472
14033
3882
0
0
0
0
0
0
14411
0
14197
0
14501
0
0
10631
9184
0
0
0
0
0
11536
0
0
6491
0
0
9784
0
12117
0
0
0
12117
0
13786
0
5110
0
0
10145
3203
0
6903
16911
0
6744
0
8916
1750
16540
16911
16387
9288
16540
16911
16691
0
0
10455
0
3093
0
0
0
0
0
13458
0
14313
0
16387
14573
0
14796
0
0
9647
10040
16387
17033
0
11921
8916
4700
10764
3757
0
4194
4654
10448
11319
12243
4194
11977
0
9256
0
0
1600
0
8639
2991
12751
12456
7287
10170
0
6266
0
5369
11977
12544
0
2064
4194
0
9256
7980
3757
12144
986
6266
0
4975
0
0
4975
0
0
1091
3144
2488
0
0
2257
0
1758
0
7013
0
661
0
0
8255
6740
0
0
3969
8657
0
8954
0
2257
0
0
0
0
0
0
0
0
0
1758
0
5441
8447
0
0
1388
13003
0
13165
9953
0
0
11707
11919
0
9155
6691
0
0
0
11252
0
0
7869
12103
12644
7079
8531
0
11252
0
11483
0
0
6691
8824
8824
0
0
14277
7869
5955
0
0
5955
8517
0
9156
0
2183
8167
10850
0
0
0
0
0
5267
0
0
0
0
10480
0
0
0
0
0
0
0
0
0
0
0
6665
0
6191
0
0
11115
12073
0
0
0
8650
0
0
5211
1228
8758
22151
3966
20799
3574
11173
19793
3574
16778
22499
21849
464
11173
2422
20045
19793
9805
0
20950
20799
9805
13931
7047
9805
13586
22442
16196
0
22362
3966
7392
19043
7392
4646
18190
16196
0
20277
0
22477
20277
0
0
0
0
0
0
0
0
0
0
0
0
0
0
0
0
0
0
0
0
0
0
0
0
1531
1581
1581
877
1581
1581
1581
877
9742
0
13723
4793
0
0
0
0
0
0
0
0
0
9842
0
9842
8106
8106
0
0
0
10745
7792
0
0
0
0
2085
0
9598
6479
0
0
10030
10745
7554
0
8106
0
10745
9410
2589
8106
2085
9141
10363
0
0
0
0
0
0
0
0
0
0
0
0
0
0
0
0
0
0
0
0
2063
0
0
0
0
0
0
0
0
1492
0
2063
0
0
0
0
0
0
0
0
1064
0
0
2556
0
1580
0
0
0
0
5593
0
10276
0
0
0
0
0
0
0
3909
0
0
0
9806
0
7850
0
0
5593
0
0
0
0
3302
0
10276
8597
0
6015
0
3909
0
521
0
0
0
0
0
0
3704
0
0
0
4007
0
3343
0
0
0
4007
0
0
0
0
0
0
0
0
0
0
0
0
0
5201
0
0
0
0
0
0
0
0
0
0
0
0
0
0
0
0
0
0
4152
0
0
2438
0
0
0
0
0
0
0
0
0
0
0
0
0
0
0
0
11266
0
17301
10432
15261
6247
16881
4760
2618
16881
0
0
12894
16729
10214
9585
6172
0
9585
3577
10818
9262
5766
3577
0
3577
1747
10507
0
0
0
9891
0
0
5317
0
9262
10676
0
917
0
0
0
0
0
0
0
0
1456
0
12276
0
7534
13384
9470
13384
3174
15680
6861
14217
15544
12532
9990
0
16414
0
0
15113
16000
12994
14986
14033
13384
12276
10949
14444
15113
4037
13181
9990
9990
16000
11235
16000
11235
8207
9184
12276
11755
0
144
769
1523
2401
2675
1962
0
2277
0
0
1186
1186
0
0
0
0
5045
0
0
0
0
0
0
0
0
0
0
0
0
0
0
0
0
0
0
0
0
0
6655
0
0
5420
0
0
0
0
0
4370
0
0
0
0
1306
0
0
11462
7897
0
0
0
11644
801
0
0
0
7408
2976
0
4370
8661
8216
3436
0
6190
8872
0
1645
9084
0
4881
5590
0
3918
5988
5889
5039
5180
4881
5180
0
0
0
0
1167
1370
0
0
648
1370
648
0
0
2699
0
0
0
0
0
617
3571
0
3870
0
0
0
0
0
0
0
0
0
2814
2169
0
1248
480
1891
2492
3688
4018
2814
15907
17954
4852
0
0
0
5397
1991
4539
10744
4539
4539
10027
8543
1350
0
10874
9844
1010
1991
10978
8991
3906
11160
3265
6718
11373
0
10027
0
1350
11224
0
0
10027
4539
10874
4207
0
0
1404
0
0
0
0
0
0
0
2960
0
0
2364
