1826
12224
0
0
9648
9648
10439
12248
0
12248
3142
0
2294
11757
9078
0
0
0
0
0
0
8907
0
0
5508
6528
7517
0
5935
4523
0
6804
0
7542
7014
0
0
5659
0
6804
2966
7517
7014
0
7014
0
0
2768
819
0
2586
1222
0
819
0
7589
0
8513
0
8513
0
0
0
0
0
0
0
0
0
0
0
0
2812
0
9091
0
8020
0
8020
0
6706
0
0
0
0
0
0
0
0
0
6270
0
8190
0
6706
0
3775
0
4581
0
3362
4291
0
0
0
0
0
2376
1981
0
0
2708
0
0
1981
0
3100
8391
0
0
4154
0
0
0
5498
4799
0
0
0
4799
0
9669
8768
4444
8391
7227
2745
7482
2745
7975
8768
7482
9102
0
0
7482
7227
0
0
7975
0
3372
0
9669
7482
9648
7482
8935
0
9398
9685
3799
0
6688
0
0
0
0
0
0
0
0
0
0
0
0
0
3389
0
0
0
0
0
0
0
0
0
0
0
0
0
2852
0
0
2646
0
0
0
0
0
0
0
0
0
0
0
0
0
0
0
0
0
0
0
0
8532
0
3799
1374
0
0
2975
3462
7269
0
8671
0
0
7269
0
0
0
2585
6830
4644
7671
8370
0
5954
8370
0
0
0
4644
6830
2975
0
0
3799
2585
5332
0
4935
7671
0
8035
1492
0
3158
0
2336
0
0
0
0
0
1492
0
3158
0
0
0
767
1492
0
2640
0
0
0
0
0
0
0
0
0
0
0
2640
0
0
2209
0
0
0
0
0
0
0
0
2209
0
13156
19448
17795
0
18558
19075
11755
18558
6465
7097
0
1160
0
0
11665
10422
9536
0
7390
11875
11231
0
0
11453
0
9879
0
12070
8157
11875
0
0
0
11665
12261
7113
9213
0
8294
0
7113
0
9331
0
3644
0
0
0
8294
4867
0
7459
9331
9331
0
8294
0
0
9213
0
3163
0
0
0
0
0
0
0
0
0
8294
0
7964
3607
0
4438
0
2650
0
0
0
0
5040
4203
0
0
1841
0
0
0
0
0
0
0
0
0
0
0
0
0
0
0
0
0
0
0
0
4979
0
0
0
0
0
0
7547
0
0
0
13457
3382
0
21635
9067
14354
0
19878
10848
12825
0
21386
20608
3949
0
15479
20930
11994
0
15192
10282
17675
18408
1048
0
5567
21245
3949
12560
14652
0
6452
0
0
21386
0
0
14065
13143
19878
6452
10848
7990
18408
16904
0
0
5317
7425
0
0
4612
2975
0
2300
8798
8026
8798
8968
0
0
0
0
0
0
0
0
0
3342
0
0
5177
0
0
3342
1090
0
0
0
0
0
0
0
0
0
1090
0
5039
0
0
4404
0
0
0
0
0
0
2753
0
0
0
0
0
0
0
931
2753
0
4784
3266
0
0
10092
0
0
2403
0
0
0
0
0
0
6912
0
5485
0
0
10272
0
0
0
0
0
0
0
9871
0
0
0
0
6912
5104
0
0
7418
13987
3170
13291
10054
15147
8484
0
12240
2850
7792
0
13763
13763
13763
5990
0
13529
1423
2035
0
11946
15486
0
5293
9028
11149
0
0
0
0
0
0
0
0
0
0
0
0
0
0
0
0
0
2888
0
0
0
1830
0
0
0
0
0
2442
2888
0
0
3520
0
1118
0
0
0
3958
0
0
11649
0
15545
2063
0
14269
7948
0
0
0
4510
0
0
1358
0
0
0
7948
18028
0
12858
0
17725
12858
0
17069
12462
13535
16498
16197
17531
8528
10909
0
0
10995
13651
0
0
1117
0
0
0
0
0
0
5235
0
0
0
0
0
0
7980
0
12822
0
0
0
0
0
0
0
0
0
0
0
0
3341
10077
18945
6636
7080
23679
1598
23267
5482
22654
0
22459
4254
0
0
0
4370
0
0
5471
8105
4370
7337
0
4370
0
0
2720
8888
0
0
1345
7859
0
2001
6678
5120
7024
5120
5120
0
0
7583
9158
3376
3538
0
5576
3244
3948
0
983
3244
5167
5167
0
3948
0
0
0
10569
0
0
0
0
7892
11931
0
9561
5140
0
0
2475
0
8629
0
2475
0
11771
0
7264
0
0
0
0
5140
0
2069
11351
8869
11860
0
5140
0
0
430
430
9244
10216
11123
8453
0
0
0
11123
7221
9244
0
0
9955
0
12682
12763
8453
0
0
0
0
11843
11843
12586
0
0
0
1751
0
0
1751
0
0
0
0
0
0
0
0
0
0
5843
0
0
0
0
0
0
0
0
0
0
0
0
5843
0
0
0
1990
6495
0
0
0
0
0
0
3909
0
3539
0
0
3302
0
3909
3909
5640
4468
6564
1665
2249
0
0
3909
1665
3302
3539
3613
0
0
0
9187
7315
0
0
0
0
7315
0
0
0
0
7806
0
0
5247
9325
0
9187
0
0
9537
0
0
0
0
5770
0
0
8474
0
5770
9607
0
9325
0
4136
0
4136
8835
5247
0
0
0
1453
2051
1453
1740
781
0
3790
0
11290
0
0
0
0
0
11290
5233
11896
14011
0
5772
14190
0
0
0
0
0
0
0
0
14011
13614
0
0
0
0
4528
0
0
12921
11896
10336
11625
2425
0
0
0
12211
3163
0
9574
9964
0
0
0
10096
0
0
0
0
0
9256
0
0
4682
6220
0
0
9954
0
0
0
1887
2706
9794
0
0
0
6220
0
8603
1320
0
9472
1320
8845
9876
4708
8589
2053
0
11039
11039
1032
11039
7271
7736
2306
0
0
7736
6289
6289
10360
1320
6289
3044
0
0
795
10360
0
1320
5506
7055
2306
6772
10614
6289
10360
7952
11084
3044
0
7731
8436
0
9156
0
5573
0
14079
0
0
13543
7361
6918
9507
13819
12442
13400
10141
6022
0
0
0
0
9507
11031
0
0
0
1871
0
0
11330
10729
5122
10141
0
0
0
0
15024
0
0
0
16765
0
7325
0
0
1789
0
11133
0
0
0
0
0
0
0
0
0
0
7562
9853
0
0
0
0
9160
0
0
0
0
7562
0
0
7562
3400
5516
10584
0
0
0
5516
10348
10240
0
0
10658
8405
10348
0
8683
0
0
0
0
0
0
9204
0
0
3198
10568
7724
0
0
0
0
3198
11121
0
0
0
0
0
0
0
0
0
0
0
0
0
0
0
0
0
0
0
0
0
0
0
0
4104
0
0
0
3459
0
0
0
0
11781
0
8124
0
5914
0
0
12415
0
8124
1817
2613
5453
3894
1387
0
4817
0
0
8123
0
0
8987
0
0
13710
3715
15535
0
15897
16012
6206
15176
6206
5183
0
0
0
0
0
0
0
0
0
0
0
0
0
0
0
0
0
0
2543
6415
0
0
6415
2543
0
0
0
0
0
0
0
0
0
0
0
0
0
0
0
0
0
0
0
0
0
0
0
0
0
0
0
0
0
1652
0
0
0
0
0
0
0
0
0
0
0
12713
0
0
5720
0
0
0
0
0
0
0
0
0
0
0
0
9505
0
7153
12245
3671
0
0
0
0
0
0
12623
0
12409
0
12713
0
0
9096
7805
0
0
0
0
0
9926
0
0
6491
0
0
9784
0
12117
0
0
0
12117
0
13786
0
5110
0
0
10145
3151
0
6903
16911
0
6744
0
8916
1750
16540
16911
16387
9288
16540
16911
16691
0
0
10455
0
3093
0
0
0
0
0
13458
0
14313
0
16387
14573
0
14796
0
0
9647
10040
16387
17033
0
11921
8916
4700
10764
3757
0
4194
4654
10448
11319
12243
4194
11977
0
9256
0
0
1600
0
8639
2991
12751
12456
7287
10170
0
6266
0
5369
11977
12544
0
2064
4194
0
9256
7980
3757
12144
986
6266
0
4975
0
0
4975
0
0
0
3144
2488
0
0
1596
0
1097
0
6352
0
0
0
0
7594
6079
0
0
3308
7996
0
8293
0
1596
0
0
0
0
0
0
0
0
0
1097
0
4780
7786
0
0
0
12897
0
13059
9879
0
0
11601
11813
0
9068
6570
0
0
0
11146
0
0
7786
11997
12538
6984
8519
0
11146
0
11377
0
0
6570
8824
8824
0
0
14171
7786
5851
0
0
5851
8413
0
9052
0
1901
8063
10746
0
0
0
0
0
5163
0
0
0
0
10376
0
0
0
0
0
0
0
0
0
0
0
6665
0
6191
0
0
11115
12073
0
0
0
7787
0
0
4348
1228
8758
22151
3966
20799
3574
11173
19793
3574
16778
22499
21849
0
11173
2422
20045
19793
9805
0
20950
20799
9805
13931
7047
9805
13586
22442
16196
0
22362
3966
7392
19043
7392
4646
18190
16196
0
20277
0
22477
20277
0
0
0
0
0
0
0
0
0
0
0
0
0
0
0
0
0
0
0
0
0
0
0
0
1531
1581
1581
877
1581
1581
1581
877
9742
0
13723
4723
0
0
0
0
0
0
0
0
0
9842
0
9842
8087
8087
0
0
0
10745
7762
0
0
0
0
0
0
9598
6270
0
0
10030
10745
7380
0
8087
0
10745
9410
2380
8087
0
9141
10363
0
0
0
0
0
0
0
0
0
0
0
0
0
0
0
0
0
0
0
0
1489
0
0
0
0
0
0
0
0
0
0
1489
0
0
0
0
0
0
0
0
731
0
0
2131
0
0
0
0
0
0
5262
0
9458
0
0
0
0
0
0
0
3746
0
0
0
8988
0
7330
0
0
5262
0
0
0
0
3156
0
9458
7925
0
5678
0
3746
0
0
0
0
0
0
0
0
3704
0
0
0
4007
0
3343
0
0
0
4007
0
0
0
0
0
0
0
0
0
0
0
0
0
4706
0
0
0
0
0
0
0
0
0
0
0
0
0
0
0
0
0
0
3657
0
0
0
0
0
0
0
0
0
0
0
0
0
0
0
0
0
0
0
11266
0
17301
10432
15261
6247
16881
4760
2460
16881
0
0
12894
16729
10203
9585
6172
0
9585
3577
10818
9262
5723
3577
0
3577
1468
10507
0
0
0
9880
0
0
4985
0
9262
10676
0
0
0
0
0
0
0
0
0
0
847
0
12276
0
7534
13384
9470
13384
3174
15680
6861
14217
15544
12532
9990
0
16414
0
0
15113
16000
12994
14986
14033
13384
12276
10949
14444
15113
4037
13181
9990
9990
16000
11235
16000
11235
8207
9184
12276
11755
0
0
625
1523
2401
2675
1890
0
2277
0
0
1035
1035
0
0
0
0
3893
0
0
0
0
0
0
0
0
0
0
0
0
0
0
0
0
0
0
0
0
0
5503
0
0
5420
0
0
0
0
0
4270
0
0
0
0
1112
0
0
11093
7580
0
0
0
11275
0
0
0
0
7321
2770
0
4164
8661
8216
3230
0
5984
8872
0
1528
9084
0
4881
5590
0
3918
5988
5889
5039
5180
4881
5180
0
0
0
0
974
1177
0
0
0
1177
0
0
0
2699
0
0
0
0
0
0
3571
0
3870
0
0
0
0
0
0
0
0
0
2814
2169
0
1248
480
1891
2492
3688
4018
2814
15907
17954
4852
0
0
0
5397
1991
4539
10744
4539
4539
10027
8543
1350
0
10874
9844
841
1991
10978
8991
3906
11160
3265
6718
11373
0
10027
0
1350
11224
0
0
10027
4539
10874
4207
0
0
1082
0
0
0
0
0
0
0
2960
0
0
2364
